0,1,2,3,4,5
PROFL,28,52,10,,
MFIL,19,42,50,,
MFIL,44,42,50,,
SSHL,42,46,10,,
GFCL,52,14,15,,
NUBL,14,26,30,,
NUBL,45,26,24,,
SHINE,57,56,20,,
DDBL,49,48,10,,
NRIC,34,45,16,,
NRIC,34,34,100,,
NRIC,34,11,30,,
NRIC,34,47,200,,
NRIC,34,57,20,,
SAHAS,58,22,10,,
NRIC,34,47,330,,
NRIC,34,58,198,,
NRIC,34,58,2000,,
NRIC,34,39,290,,
NRIC,34,16,11,,
NRIC,34,56,46,,
NRIC,34,29,10,,
NRIC,34,41,70,,
RFPL,26,8,10,,
NRIC,34,21,100,,
LBL,42,56,251,,
NRIC,34,57,369,,
NRIC,34,38,150,,
NCCB,56,52,350,,
NCCB,56,35,200,,
NRIC,34,35,115,,
NRIC,34,51,106,,
NMB,49,36,10,,
NRIC,34,6,210,,
NICA,33,46,28,,
NRIC,34,57,197,,
NICA,46,46,32,,
NRIC,34,11,65,,
NICA,51,46,100,,
NRIC,34,46,116,,
NICA,42,46,20,,
NRIC,34,51,91,,
NICA,38,46,30,,
NRIC,34,35,50,,
NICA,43,46,30,,
NRIC,34,4,110,,
RHGCL,46,49,10,,
NICA,38,46,10,,
HDL,36,57,30,,
LBBL,45,10,10,,
HDHPC,58,26,130,,
RIDI,58,25,248,,
SAHAS,42,48,200,,
JALPA,16,48,10,,
GUFL,45,29,10,,
UPCL,43,35,46,,
MLBL,33,25,200,,
MBL,22,38,25,,
DORDI,16,7,53,,
DORDI,16,7,27,,
DORDI,16,56,190,,
SHINE,4,42,10,,
MLBL,35,25,190,,
MLBL,22,25,40,,
MLBL,19,25,200,,
PCBL,44,41,50,,
PCBL,44,6,243,,
PCBL,44,8,450,,
PCBL,44,57,166,,
PCBL,44,58,1440,,
PCBL,44,57,15,,
PCBL,44,57,100,,
PCBL,44,58,115,,
PCBL,44,44,417,,
KBL,38,21,20,,
NHPC,43,44,57,,
KBL,18,21,20,,
CZBIL,28,37,480,,
CZBIL,44,37,20,,
BNHC,34,42,10,,
BNHC,34,41,30,,
BNHC,34,46,10,,
GBLBS,34,36,10,,
RHGCL,46,49,10,,
BNHC,34,22,62,,
RHGCL,46,58,10,,
HIDCL,20,42,50,,
KKHC,11,45,451,,
KKHC,14,45,50,,
KKHC,51,45,50,,
KKHC,6,45,700,,
KKHC,58,45,200,,
KKHC,26,45,150,,
KKHC,49,45,10,,
KKHC,19,45,300,,
SHINE,7,42,10,,
KKHC,47,45,100,,
KKHC,19,45,20,,
UPCL,46,35,54,,
KRBL,4,29,50,,
HHL,28,32,20,,
SBI,5,46,10,,
SBI,5,51,240,,
KSBBL,57,39,415,,
DORDI,39,56,60,,
DORDI,39,41,10,,
HIDCL,45,22,300,,
UPCL,35,54,10,,
DORDI,39,7,130,,
SHEL,52,38,10,,
CBBL,6,49,170,,
NICA,41,34,100,,
SPC,48,56,40,,
NHPC,43,20,57,,
NHPC,33,20,43,,
BNHC,29,22,10,,
BNHC,29,54,20,,
BNHC,29,42,10,,
BNHC,29,7,10,,
UHEWA,58,45,20,,
NGPL,45,58,10,,
UHEWA,45,45,40,,
RIDI,58,38,10,,
UHEWA,6,45,40,,
RIDI,58,25,100,,
NCCB,45,42,50,,
RIDI,58,54,1000,,
RIDI,58,51,50,,
RIDI,58,41,200,,
RIDI,58,3,50,,
RIDI,58,32,500,,
RIDI,58,3,200,,
PRVU,44,55,10,,
RIDI,58,34,100,,
NBL,56,59,20,,
RIDI,58,38,50,,
RIDI,58,6,545,,
RIDI,58,48,947,,
SIFC,54,34,100,,
SCB,34,25,10,,
RFPL,49,35,10,,
MKJC,49,52,10,,
HDHPC,21,42,200,,
FOWAD,25,32,10,,
NHPC,33,39,405,,
HEI,38,39,37,,
HEI,41,39,15,,
HEI,56,39,300,,
HEI,49,39,1048,,
GUFL,52,56,125,,
GUFL,45,56,345,,
GUFL,34,56,10,,
KSBBL,50,34,310,,
KSBBL,51,34,40,,
KSBBL,57,34,100,,
KSBBL,34,34,600,,
KSBBL,44,34,50,,
KSBBL,36,34,10,,
KSBBL,52,34,250,,
NABIL,45,45,15,,
KSBBL,16,34,100,,
NABIL,42,45,15,,
KSBBL,38,34,345,,
KPCL,53,46,218,,
NBL,56,58,22,,
KSBBL,4,34,135,,
KPCL,16,46,59,,
NBL,34,58,50,,
PROFL,46,52,50,,
HHL,35,48,10,,
SBL,52,47,10,,
UHEWA,20,42,10,,
UHEWA,20,58,10,,
UHEWA,20,58,10,,
UHEWA,20,6,10,,
UHEWA,20,6,10,,
UHEWA,20,6,10,,
UHEWA,20,57,10,,
UHEWA,20,49,10,,
UHEWA,20,29,10,,
UHEWA,20,42,10,,
UHEWA,20,58,10,,
VLBS,36,34,10,,
UHEWA,20,46,300,,
UHEWA,20,58,10,,
UHEWA,20,5,10,,
UHEWA,20,45,10,,
UHEWA,20,58,10,,
UHEWA,20,49,10,,
UHEWA,20,44,10,,
UHEWA,20,43,10,,
UHEWA,20,38,10,,
UHEWA,20,58,10,,
UHEWA,20,58,10,,
UHEWA,20,38,10,,
UHEWA,20,45,10,,
UHEWA,20,59,10,,
UHEWA,20,34,10,,
UHEWA,20,45,10,,
UHEWA,20,38,10,,
UHEWA,20,47,10,,
UHEWA,20,45,10,,
UHEWA,20,47,10,,
UHEWA,20,8,10,,
UHEWA,20,45,10,,
UHEWA,20,6,10,,
UHEWA,20,45,10,,
UHEWA,20,25,10,,
UHEWA,20,8,10,,
UHEWA,20,48,10,,
UHEWA,20,49,10,,
UHEWA,20,54,10,,
UHEWA,20,42,10,,
RHPL,13,59,10,,
UHEWA,20,42,10,,
SPDL,38,40,200,,
MLBL,49,40,50,,
SPDL,29,40,100,,
ICFC,38,41,10,,
PPCL,1,58,30,,
UHEWA,20,7,10,,
UHEWA,20,22,10,,
UHEWA,20,44,10,,
UHEWA,20,58,10,,
UHEWA,20,58,10,,
UHEWA,20,58,10,,
UHEWA,20,38,10,,
UHEWA,20,7,10,,
UHEWA,20,58,10,,
UHEWA,20,49,10,,
UHEWA,20,32,10,,
UHEWA,20,44,10,,
UHEWA,20,56,10,,
UHEWA,20,56,10,,
UHEWA,20,39,10,,
UHEWA,20,45,10,,
UHEWA,20,56,10,,
UHEWA,20,58,10,,
UHEWA,20,7,10,,
UHEWA,20,42,10,,
NTC,58,21,100,,
UHEWA,20,52,10,,
UHEWA,20,49,10,,
UHEWA,20,42,10,,
UHEWA,20,45,10,,
UHEWA,20,58,10,,
UHEWA,20,44,10,,
UHEWA,20,53,10,,
UHEWA,20,41,10,,
UHEWA,20,10,10,,
SSHL,34,46,10,,
NCCB,1,10,273,,
GHL,42,36,200,,
SSHL,42,46,10,,
HEI,49,57,402,,
NTC,58,19,700,,
NTC,58,58,594,,
NTC,58,57,13,,
NTC,58,34,20,,
NTC,58,5,100,,
NTC,58,58,35,,
NTC,58,32,600,,
NTC,58,51,17,,
NTC,58,38,100,,
NTC,58,49,191,,
CGH,32,40,50,,
SWBBL,38,41,20,,
MHL,45,16,80,,
MHL,45,35,10,,
MHL,45,56,10,,
HHL,35,58,10,,
MPFL,52,58,100,,
MBL,58,41,50,,
NLIC,4,34,13,,
RLFL,41,37,10,,
RLFL,29,37,50,,
RLFL,38,37,30,,
RLFL,58,37,50,,
RLFL,50,37,200,,
RLFL,57,37,500,,
RLFL,38,37,100,,
NYADI,53,8,10,,
RLFL,42,37,50,,
RLFL,39,37,100,,
RLFL,10,37,46,,
RLFL,52,37,100,,
RHGCL,38,49,10,,
GFCL,28,55,10,,
PCBL,54,44,40,,
PCBL,54,44,50,,
SADBL,21,43,36,,
SADBL,58,43,94,,
SADBL,51,43,200,,
SADBL,48,43,50,,
SADBL,26,43,10,,
UHEWA,14,35,10,,
NTC,58,49,10,,
UHEWA,58,28,10,,
PMHPL,58,38,140,,
FOWAD,26,39,10,,
PPCL,53,48,20,,
GUFL,34,41,230,,
JBLB,57,52,10,,
STC,54,42,50,,
NHPC,33,43,752,,
NHPC,35,43,150,,
SGHC,43,58,10,,
SGHC,43,54,10,,
NHPC,57,43,50,,
SGHC,43,45,10,,
NHPC,43,43,48,,
KBL,25,40,20,,
KBL,29,40,10,,
NFS,16,26,10,,
PROFL,38,52,100,,
PROFL,38,52,50,,
PROFL,21,52,10,,
PROFL,58,52,15,,
PROFL,48,52,100,,
PROFL,14,52,60,,
NESDO,28,10,10,,
UPPER,34,37,50,,
HDL,36,19,47,,
CORBL,58,49,40,,
MKJC,49,52,60,,
ADBL,35,14,200,,
PPCL,46,58,10,,
DORDI,58,7,70,,
DORDI,58,48,10,,
DORDI,58,58,10,,
DORDI,58,50,100,,
DORDI,58,50,200,,
DORDI,58,29,30,,
DORDI,58,59,10,,
DORDI,58,58,30,,
DORDI,58,58,10,,
GBBL,19,47,76,,
DORDI,58,14,10,,
DORDI,58,29,20,,
GBBL,57,35,10,,
DORDI,58,49,10,,
DORDI,58,49,10,,
DORDI,58,58,10,,
DORDI,58,45,10,,
DORDI,58,49,10,,
DORDI,58,34,10,,
DORDI,58,14,10,,
DORDI,58,29,10,,
DORDI,58,16,10,,
DORDI,58,32,10,,
DORDI,58,45,10,,
DORDI,58,58,10,,
GUFL,58,41,10,,
DORDI,58,35,80,,
AHPC,38,3,985,,
KPCL,16,38,10,,
CLBSL,1,55,20,,
CLBSL,1,40,105,,
CLBSL,1,59,10,,
CLBSL,1,13,117,,
RHGCL,6,11,10,,
FOWAD,22,39,20,,
GBBL,19,29,60,,
GBBL,37,29,140,,
RFPL,28,52,10,,
GBBL,37,43,360,,
GBBL,17,43,40,,
GBBL,21,43,20,,
LBBL,39,10,15,,
SRBL,58,11,100,,
CLBSL,22,13,10,,
DORDI,56,35,700,,
JBLB,34,42,30,,
CLBSL,17,34,50,,
MKJC,49,28,10,,
SHPC,5,49,990,,
KSBBL,46,29,100,,
MKJC,49,57,60,,
ENL,57,52,20,,
ENL,57,13,20,,
ENL,57,34,50,,
ENL,57,55,10,,
RHGCL,6,45,10,,
BBC,1,45,10,,
SHIVM,4,57,400,,
SHIVM,4,49,50,,
SHIVM,4,21,100,,
SHIVM,4,5,40,,
SHIVM,4,42,410,,
ADBL,4,14,31,,
ADBL,35,41,170,,
RHGCL,6,56,10,,
JBLB,21,42,20,,
GUFL,45,19,155,,
GUFL,34,19,100,,
GUFL,46,19,20,,
GUFL,32,19,15,,
GUFL,21,19,10,,
AKJCL,58,36,30,,
AHPC,25,3,15,,
AHPC,25,41,35,,
FMDBL,5,41,50,,
FMDBL,38,41,100,,
NUBL,26,13,24,,
SSHL,44,37,150,,
SANIMA,17,56,34,,
MERO,58,49,12,,
UPCL,53,54,100,,
HEI,49,39,550,,
HEI,3,39,30,,
HEI,44,39,200,,
HEI,19,39,100,,
HEI,32,39,100,,
HEI,54,39,20,,
RIDI,58,48,53,,
RIDI,58,39,300,,
RIDI,58,58,200,,
RIDI,58,26,180,,
RIDI,58,45,300,,
RIDI,58,45,500,,
DORDI,16,35,137,,
RIDI,58,32,195,,
LBBL,39,43,36,,
DORDI,16,33,10,,
RIDI,58,7,300,,
DORDI,16,46,10,,
RIDI,58,45,50,,
LBBL,1,43,100,,
DORDI,16,21,10,,
RIDI,58,54,20,,
LBBL,49,43,40,,
DORDI,16,58,10,,
RIDI,58,20,300,,
DORDI,16,52,50,,
RIDI,58,57,167,,
DORDI,16,52,50,,
RIDI,58,56,425,,
DORDI,16,21,10,,
RIDI,58,57,10,,
DORDI,16,49,10,,
DORDI,16,21,403,,
UPPER,14,38,25,,
NLIC,25,34,20,,
DORDI,21,21,97,,
DORDI,21,11,400,,
DORDI,21,34,10,,
DORDI,21,40,10,,
DORDI,21,59,10,,
DORDI,21,57,10,,
DORDI,21,34,163,,
SPC,50,56,10,,
RMDC,56,6,100,,
EBL,21,51,20,,
NTC,42,49,799,,
NTC,42,35,70,,
NTC,42,54,100,,
HDL,34,56,10,,
NTC,42,49,10,,
HDL,21,56,52,,
NTC,42,4,200,,
NTC,42,14,50,,
HDL,34,56,32,,
NTC,42,45,200,,
NTC,42,28,200,,
NTC,42,58,10,,
NTC,42,14,20,,
NTC,42,42,50,,
NTC,42,6,100,,
API,17,56,50,,
NTC,42,21,109,,
NTC,42,32,25,,
NTC,42,32,57,,
SSHL,36,16,10,,
UPPER,14,36,11,,
UPPER,45,36,100,,
UPPER,36,36,10,,
UPPER,32,36,200,,
MFIL,51,58,16,,
RSDC,6,6,20,,
RSDC,26,6,78,,
SMFDB,51,41,47,,
RHGCL,6,26,10,,
SICL,33,51,54,,
SICL,58,51,10,,
SICL,28,51,20,,
SICL,34,51,100,,
SICL,8,51,318,,
SICL,56,51,72,,
RHGCL,6,47,10,,
ILBS,5,50,10,,
BHDC,29,36,10,,
UPPER,38,37,17,,
DDBL,22,58,10,,
SHIVM,44,42,20,,
CIT,29,3,20,,
CIT,29,41,20,,
GMFIL,18,17,350,,
SINDU,17,5,10,,
SSHL,42,16,10,,
JOSHI,57,42,200,,
PROFL,28,52,10,,
MFIL,19,42,50,,
MFIL,44,42,50,,
SSHL,42,46,10,,
GFCL,52,14,15,,
NUBL,14,26,30,,
NUBL,45,26,24,,
SHINE,57,56,20,,
DDBL,49,48,10,,
NRIC,34,45,16,,
NRIC,34,34,100,,
NRIC,34,11,30,,
NRIC,34,47,200,,
NRIC,34,57,20,,
SAHAS,58,22,10,,
NRIC,34,47,330,,
NRIC,34,58,198,,
NRIC,34,58,2000,,
NRIC,34,39,290,,
NRIC,34,16,11,,
NRIC,34,56,46,,
NRIC,34,29,10,,
NRIC,34,41,70,,
RFPL,26,8,10,,
NRIC,34,21,100,,
LBL,42,56,251,,
NRIC,34,57,369,,
NRIC,34,38,150,,
NCCB,56,52,350,,
NCCB,56,35,200,,
NRIC,34,35,115,,
NRIC,34,51,106,,
NMB,49,36,10,,
NRIC,34,6,210,,
NICA,33,46,28,,
NRIC,34,57,197,,
NICA,46,46,32,,
NRIC,34,11,65,,
NICA,51,46,100,,
NRIC,34,46,116,,
NICA,42,46,20,,
NRIC,34,51,91,,
NICA,38,46,30,,
NRIC,34,35,50,,
NICA,43,46,30,,
NRIC,34,4,110,,
RHGCL,46,49,10,,
NICA,38,46,10,,
HDL,36,57,30,,
LBBL,45,10,10,,
HDHPC,58,26,130,,
RIDI,58,25,248,,
SAHAS,42,48,200,,
JALPA,16,48,10,,
GUFL,45,29,10,,
UPCL,43,35,46,,
MLBL,33,25,200,,
MBL,22,38,25,,
DORDI,16,7,53,,
DORDI,16,7,27,,
DORDI,16,56,190,,
SHINE,4,42,10,,
MLBL,35,25,190,,
MLBL,22,25,40,,
MLBL,19,25,200,,
PCBL,44,41,50,,
PCBL,44,6,243,,
PCBL,44,8,450,,
PCBL,44,57,166,,
PCBL,44,58,1440,,
PCBL,44,57,15,,
PCBL,44,57,100,,
PCBL,44,58,115,,
PCBL,44,44,417,,
KBL,38,21,20,,
NHPC,43,44,57,,
KBL,18,21,20,,
CZBIL,28,37,480,,
CZBIL,44,37,20,,
BNHC,34,42,10,,
BNHC,34,41,30,,
BNHC,34,46,10,,
GBLBS,34,36,10,,
RHGCL,46,49,10,,
BNHC,34,22,62,,
RHGCL,46,58,10,,
HIDCL,20,42,50,,
KKHC,11,45,451,,
KKHC,14,45,50,,
KKHC,51,45,50,,
KKHC,6,45,700,,
KKHC,58,45,200,,
KKHC,26,45,150,,
KKHC,49,45,10,,
KKHC,19,45,300,,
SHINE,7,42,10,,
KKHC,47,45,100,,
KKHC,19,45,20,,
UPCL,46,35,54,,
KRBL,4,29,50,,
HHL,28,32,20,,
SBI,5,46,10,,
SBI,5,51,240,,
KSBBL,57,39,415,,
DORDI,39,56,60,,
DORDI,39,41,10,,
HIDCL,45,22,300,,
UPCL,35,54,10,,
DORDI,39,7,130,,
SHEL,52,38,10,,
CBBL,6,49,170,,
NICA,41,34,100,,
SPC,48,56,40,,
NHPC,43,20,57,,
NHPC,33,20,43,,
BNHC,29,22,10,,
BNHC,29,54,20,,
BNHC,29,42,10,,
BNHC,29,7,10,,
UHEWA,58,45,20,,
NGPL,45,58,10,,
UHEWA,45,45,40,,
RIDI,58,38,10,,
UHEWA,6,45,40,,
RIDI,58,25,100,,
NCCB,45,42,50,,
RIDI,58,54,1000,,
RIDI,58,51,50,,
RIDI,58,41,200,,
RIDI,58,3,50,,
RIDI,58,32,500,,
RIDI,58,3,200,,
PRVU,44,55,10,,
RIDI,58,34,100,,
NBL,56,59,20,,
RIDI,58,38,50,,
RIDI,58,6,545,,
RIDI,58,48,947,,
SIFC,54,34,100,,
SCB,34,25,10,,
RFPL,49,35,10,,
MKJC,49,52,10,,
HDHPC,21,42,200,,
FOWAD,25,32,10,,
NHPC,33,39,405,,
HEI,38,39,37,,
HEI,41,39,15,,
HEI,56,39,300,,
HEI,49,39,1048,,
GUFL,52,56,125,,
GUFL,45,56,345,,
GUFL,34,56,10,,
KSBBL,50,34,310,,
KSBBL,51,34,40,,
KSBBL,57,34,100,,
KSBBL,34,34,600,,
KSBBL,44,34,50,,
KSBBL,36,34,10,,
KSBBL,52,34,250,,
NABIL,45,45,15,,
KSBBL,16,34,100,,
NABIL,42,45,15,,
KSBBL,38,34,345,,
KPCL,53,46,218,,
NBL,56,58,22,,
KSBBL,4,34,135,,
KPCL,16,46,59,,
NBL,34,58,50,,
PROFL,46,52,50,,
HHL,35,48,10,,
SBL,52,47,10,,
UHEWA,20,42,10,,
UHEWA,20,58,10,,
UHEWA,20,58,10,,
UHEWA,20,6,10,,
UHEWA,20,6,10,,
UHEWA,20,6,10,,
UHEWA,20,57,10,,
UHEWA,20,49,10,,
UHEWA,20,29,10,,
UHEWA,20,42,10,,
UHEWA,20,58,10,,
VLBS,36,34,10,,
UHEWA,20,46,300,,
UHEWA,20,58,10,,
UHEWA,20,5,10,,
UHEWA,20,45,10,,
UHEWA,20,58,10,,
UHEWA,20,49,10,,
UHEWA,20,44,10,,
UHEWA,20,43,10,,
UHEWA,20,38,10,,
UHEWA,20,58,10,,
UHEWA,20,58,10,,
UHEWA,20,38,10,,
UHEWA,20,45,10,,
UHEWA,20,59,10,,
UHEWA,20,34,10,,
UHEWA,20,45,10,,
UHEWA,20,38,10,,
UHEWA,20,47,10,,
UHEWA,20,45,10,,
UHEWA,20,47,10,,
UHEWA,20,8,10,,
UHEWA,20,45,10,,
UHEWA,20,6,10,,
UHEWA,20,45,10,,
UHEWA,20,25,10,,
UHEWA,20,8,10,,
UHEWA,20,48,10,,
UHEWA,20,49,10,,
UHEWA,20,54,10,,
UHEWA,20,42,10,,
RHPL,13,59,10,,
UHEWA,20,42,10,,
SPDL,38,40,200,,
MLBL,49,40,50,,
SPDL,29,40,100,,
ICFC,38,41,10,,
PPCL,1,58,30,,
UHEWA,20,7,10,,
UHEWA,20,22,10,,
UHEWA,20,44,10,,
UHEWA,20,58,10,,
UHEWA,20,58,10,,
UHEWA,20,58,10,,
UHEWA,20,38,10,,
UHEWA,20,7,10,,
UHEWA,20,58,10,,
UHEWA,20,49,10,,
UHEWA,20,32,10,,
UHEWA,20,44,10,,
UHEWA,20,56,10,,
UHEWA,20,56,10,,
UHEWA,20,39,10,,
UHEWA,20,45,10,,
UHEWA,20,56,10,,
UHEWA,20,58,10,,
UHEWA,20,7,10,,
UHEWA,20,42,10,,
NTC,58,21,100,,
UHEWA,20,52,10,,
UHEWA,20,49,10,,
UHEWA,20,42,10,,
UHEWA,20,45,10,,
UHEWA,20,58,10,,
UHEWA,20,44,10,,
UHEWA,20,53,10,,
UHEWA,20,41,10,,
UHEWA,20,10,10,,
SSHL,34,46,10,,
NCCB,1,10,273,,
GHL,42,36,200,,
SSHL,42,46,10,,
HEI,49,57,402,,
NTC,58,19,700,,
NTC,58,58,594,,
NTC,58,57,13,,
NTC,58,34,20,,
NTC,58,5,100,,
NTC,58,58,35,,
NTC,58,32,600,,
NTC,58,51,17,,
NTC,58,38,100,,
NTC,58,49,191,,
CGH,32,40,50,,
SWBBL,38,41,20,,
MHL,45,16,80,,
MHL,45,35,10,,
MHL,45,56,10,,
HHL,35,58,10,,
MPFL,52,58,100,,
MBL,58,41,50,,
NLIC,4,34,13,,
RLFL,41,37,10,,
RLFL,29,37,50,,
RLFL,38,37,30,,
RLFL,58,37,50,,
RLFL,50,37,200,,
RLFL,57,37,500,,
RLFL,38,37,100,,
NYADI,53,8,10,,
RLFL,42,37,50,,
RLFL,39,37,100,,
RLFL,10,37,46,,
RLFL,52,37,100,,
RHGCL,38,49,10,,
GFCL,28,55,10,,
PCBL,54,44,40,,
PCBL,54,44,50,,
SADBL,21,43,36,,
SADBL,58,43,94,,
SADBL,51,43,200,,
SADBL,48,43,50,,
SADBL,26,43,10,,
UHEWA,14,35,10,,
NTC,58,49,10,,
UHEWA,58,28,10,,
PMHPL,58,38,140,,
FOWAD,26,39,10,,
PPCL,53,48,20,,
GUFL,34,41,230,,
JBLB,57,52,10,,
STC,54,42,50,,
NHPC,33,43,752,,
NHPC,35,43,150,,
SGHC,43,58,10,,
SGHC,43,54,10,,
NHPC,57,43,50,,
SGHC,43,45,10,,
NHPC,43,43,48,,
KBL,25,40,20,,
KBL,29,40,10,,
NFS,16,26,10,,
PROFL,38,52,100,,
PROFL,38,52,50,,
PROFL,21,52,10,,
PROFL,58,52,15,,
PROFL,48,52,100,,
PROFL,14,52,60,,
NESDO,28,10,10,,
UPPER,34,37,50,,
HDL,36,19,47,,
CORBL,58,49,40,,
MKJC,49,52,60,,
ADBL,35,14,200,,
PPCL,46,58,10,,
DORDI,58,7,70,,
DORDI,58,48,10,,
DORDI,58,58,10,,
DORDI,58,50,100,,
DORDI,58,50,200,,
DORDI,58,29,30,,
DORDI,58,59,10,,
DORDI,58,58,30,,
DORDI,58,58,10,,
GBBL,19,47,76,,
DORDI,58,14,10,,
DORDI,58,29,20,,
GBBL,57,35,10,,
DORDI,58,49,10,,
DORDI,58,49,10,,
DORDI,58,58,10,,
DORDI,58,45,10,,
DORDI,58,49,10,,
DORDI,58,34,10,,
DORDI,58,14,10,,
DORDI,58,29,10,,
DORDI,58,16,10,,
DORDI,58,32,10,,
DORDI,58,45,10,,
DORDI,58,58,10,,
GUFL,58,41,10,,
DORDI,58,35,80,,
AHPC,38,3,985,,
KPCL,16,38,10,,
CLBSL,1,55,20,,
CLBSL,1,40,105,,
CLBSL,1,59,10,,
CLBSL,1,13,117,,
RHGCL,6,11,10,,
FOWAD,22,39,20,,
GBBL,19,29,60,,
GBBL,37,29,140,,
RFPL,28,52,10,,
GBBL,37,43,360,,
GBBL,17,43,40,,
GBBL,21,43,20,,
LBBL,39,10,15,,
SRBL,58,11,100,,
CLBSL,22,13,10,,
DORDI,56,35,700,,
JBLB,34,42,30,,
CLBSL,17,34,50,,
MKJC,49,28,10,,
SHPC,5,49,990,,
KSBBL,46,29,100,,
MKJC,49,57,60,,
ENL,57,52,20,,
ENL,57,13,20,,
ENL,57,34,50,,
ENL,57,55,10,,
RHGCL,6,45,10,,
BBC,1,45,10,,
SHIVM,4,57,400,,
SHIVM,4,49,50,,
SHIVM,4,21,100,,
SHIVM,4,5,40,,
SHIVM,4,42,410,,
ADBL,4,14,31,,
ADBL,35,41,170,,
RHGCL,6,56,10,,
JBLB,21,42,20,,
GUFL,45,19,155,,
GUFL,34,19,100,,
GUFL,46,19,20,,
GUFL,32,19,15,,
GUFL,21,19,10,,
AKJCL,58,36,30,,
AHPC,25,3,15,,
AHPC,25,41,35,,
FMDBL,5,41,50,,
FMDBL,38,41,100,,
NUBL,26,13,24,,
SSHL,44,37,150,,
SANIMA,17,56,34,,
MERO,58,49,12,,
UPCL,53,54,100,,
HEI,49,39,550,,
HEI,3,39,30,,
HEI,44,39,200,,
HEI,19,39,100,,
HEI,32,39,100,,
HEI,54,39,20,,
RIDI,58,48,53,,
RIDI,58,39,300,,
RIDI,58,58,200,,
RIDI,58,26,180,,
RIDI,58,45,300,,
RIDI,58,45,500,,
DORDI,16,35,137,,
RIDI,58,32,195,,
LBBL,39,43,36,,
DORDI,16,33,10,,
RIDI,58,7,300,,
DORDI,16,46,10,,
RIDI,58,45,50,,
LBBL,1,43,100,,
DORDI,16,21,10,,
RIDI,58,54,20,,
LBBL,49,43,40,,
DORDI,16,58,10,,
RIDI,58,20,300,,
DORDI,16,52,50,,
RIDI,58,57,167,,
DORDI,16,52,50,,
RIDI,58,56,425,,
DORDI,16,21,10,,
RIDI,58,57,10,,
DORDI,16,49,10,,
DORDI,16,21,403,,
UPPER,14,38,25,,
NLIC,25,34,20,,
DORDI,21,21,97,,
DORDI,21,11,400,,
DORDI,21,34,10,,
DORDI,21,40,10,,
DORDI,21,59,10,,
DORDI,21,57,10,,
DORDI,21,34,163,,
SPC,50,56,10,,
RMDC,56,6,100,,
EBL,21,51,20,,
NTC,42,49,799,,
NTC,42,35,70,,
NTC,42,54,100,,
HDL,34,56,10,,
NTC,42,49,10,,
HDL,21,56,52,,
NTC,42,4,200,,
NTC,42,14,50,,
HDL,34,56,32,,
NTC,42,45,200,,
NTC,42,28,200,,
NTC,42,58,10,,
NTC,42,14,20,,
NTC,42,42,50,,
NTC,42,6,100,,
API,17,56,50,,
NTC,42,21,109,,
NTC,42,32,25,,
NTC,42,32,57,,
SSHL,36,16,10,,
UPPER,14,36,11,,
UPPER,45,36,100,,
UPPER,36,36,10,,
UPPER,32,36,200,,
MFIL,51,58,16,,
RSDC,6,6,20,,
RSDC,26,6,78,,
SMFDB,51,41,47,,
RHGCL,6,26,10,,
SICL,33,51,54,,
SICL,58,51,10,,
SICL,28,51,20,,
SICL,34,51,100,,
SICL,8,51,318,,
SICL,56,51,72,,
RHGCL,6,47,10,,
ILBS,5,50,10,,
BHDC,29,36,10,,
UPPER,38,37,17,,
DDBL,22,58,10,,
SHIVM,44,42,20,,
CIT,29,3,20,,
CIT,29,41,20,,
GMFIL,18,17,350,,
SINDU,17,5,10,,
SSHL,42,16,10,,
JOSHI,57,42,200,,
SAHAS,42,32,115,,
SAHAS,55,32,38,,
MNBBL,57,1,11,,
MNBBL,57,58,10,,
RLFL,57,58,20,,
DORDI,39,34,312,,
DORDI,39,34,188,,
NGPL,34,21,48,,
RHGCL,6,50,10,,
AKPL,44,34,10,,
SAPDBL,40,49,10,,
CZBIL,52,29,100,,
CZBIL,37,29,1350,,
NICA,55,34,10,,
MKJC,4,28,10,,
MHL,45,41,100,,
SMFDB,51,22,53,,
SMFDB,41,22,47,,
UIC,34,22,20,,
API,34,56,100,,
UHEWA,6,17,10,,
CZBIL,42,6,190,,
CIT,49,45,10,,
NGPL,45,58,10,,
SFCL,6,57,200,,
ICFC,28,41,150,,
NCCB,1,26,14,,
RHGCL,6,21,10,,
CZBIL,37,56,150,,
CHDC,28,56,50,,
CZBIL,8,56,100,,
CZBIL,48,56,50,,
CHDC,25,56,100,,
CZBIL,28,56,500,,
CHDC,52,56,10,,
JBLB,45,49,35,,
JBLB,29,49,10,,
CHDC,28,45,10,,
AHPC,57,32,10,,
GUFL,21,57,90,,
CHL,6,36,74,,
MNBBL,43,58,100,,
ACLBSL,34,43,17,,
LBBL,22,10,10,,
JSLBB,16,56,30,,
GUFL,28,41,100,,
MMF1,46,42,500,,
NICA,41,3,20,,
NICA,45,3,10,,
UPPER,13,37,50,,
UPCL,35,39,19,,
NABIL,45,52,30,,
NABIL,45,52,30,,
NHPC,43,56,85,,
NHPC,28,56,865,,
NHPC,43,56,50,,
HBL,33,7,458,,
HBL,38,7,10,,
HBL,35,7,30,,
HBL,56,7,17,,
HBL,45,7,200,,
HBL,1,7,25,,
HBL,54,7,20,,
HBL,45,7,100,,
HBL,38,7,50,,
KRBL,45,13,50,,
MFIL,13,58,30,,
UMHL,35,57,400,,
GVL,16,18,10,,
HDHPC,41,26,50,,
SPDL,56,44,100,,
SPDL,56,44,87,,
SHIVM,34,42,90,,
NESDO,25,17,20,,
JFL,28,58,10,,
NRIC,3,4,50,,
NRIC,3,41,50,,
MBJC,16,33,180,,
MBJC,19,33,400,,
UMHL,45,57,100,,
MBJC,58,33,20,,
MBJC,49,33,50,,
MBJC,34,33,90,,
MBJC,42,33,20,,
PMHPL,44,38,10,,
SHPC,37,32,10,,
HDL,21,42,18,,
NTC,8,32,73,,
NTC,29,32,70,,
SPDL,32,45,20,,
GHL,19,36,25,,
GLH,42,14,420,,
GLH,38,14,105,,
RHGCL,6,58,10,,
NTC,58,21,10,,
SPC,39,40,30,,
BFC,16,25,145,,
NRIC,38,41,50,,
GUFL,32,56,85,,
GUFL,22,56,50,,
GUFL,58,56,100,,
PRVU,44,57,10,,
GUFL,58,56,10,,
GUFL,17,56,45,,
SHEL,52,50,26,,
GUFL,22,56,10,,
GUFL,36,56,200,,
ICFC,28,56,50,,
ICFC,40,56,50,,
WNLB,34,56,10,,
MHL,45,41,10,,
MHL,45,1,10,,
MHL,45,38,10,,
MHL,45,53,10,,
MHL,45,49,10,,
MHL,45,58,10,,
MHL,45,5,10,,
SABSL,7,52,10,,
MHL,45,49,10,,
MHL,45,53,10,,
MHL,45,58,10,,
AHPC,14,41,17,,
KRBL,58,13,481,,
NABIL,45,14,20,,
SHPC,55,32,155,,
SHPC,55,18,645,,
NABIL,40,14,80,,
SINDU,35,48,50,,
HURJA,55,57,50,,
BFC,49,25,10,,
MKJC,49,46,100,,
NLIC,55,32,10,,
JBBL,42,57,28,,
UIC,34,22,10,,
JBBL,59,57,100,,
JBBL,42,57,50,,
JBBL,41,57,30,,
JBBL,56,57,10,,
JBBL,10,57,422,,
JBBL,16,57,20,,
JBBL,26,57,50,,
JBBL,51,57,50,,
JBBL,42,57,40,,
USLB,57,53,10,,
RHPL,7,48,20,,
NESDO,28,49,10,,
SHIVM,34,36,100,,
NIFRA,16,57,2,,
BARUN,54,1,90,,
NIFRA,16,22,48,,
BARUN,28,1,40,,
SHIVM,34,38,93,,
MKJC,49,28,40,,
MKJC,49,50,30,,
MKJC,49,57,70,,
MKJC,49,29,40,,
MKJC,49,57,20,,
MKJC,49,34,10,,
MKJC,49,42,100,,
MKJC,49,58,10,,
MKJC,49,6,10,,
MKJC,49,38,10,,
MKJC,49,49,10,,
MKJC,49,56,100,,
NBL,45,34,10,,
NBL,6,34,150,,
NBL,57,34,10,,
NBL,22,34,50,,
NBL,47,34,100,,
NBL,50,34,50,,
NBL,29,34,20,,
NBL,49,34,50,,
NBL,5,34,20,,
NBL,50,34,50,,
NBL,3,34,50,,
GILB,46,36,10,,
NBL,13,34,624,,
SFCL,52,34,10,,
NBL,29,34,83,,
NABIL,40,7,20,,
SGHC,43,42,10,,
UHEWA,43,55,10,,
UHEWA,43,34,10,,
UHEWA,43,35,10,,
UHEWA,43,21,10,,
UHEWA,43,38,10,,
UHEWA,43,58,10,,
UHEWA,43,58,10,,
SFCL,57,57,50,,
UHEWA,43,38,10,,
UHEWA,43,41,10,,
UHEWA,43,32,10,,
UHEWA,43,42,10,,
UHEWA,43,49,10,,
UHEWA,43,19,10,,
UHEWA,43,38,10,,
UHEWA,43,34,10,,
UHEWA,43,52,10,,
UHEWA,43,45,10,,
UHEWA,43,19,10,,
UHEWA,43,28,10,,
UHEWA,43,58,10,,
UHEWA,43,17,10,,
UHEWA,43,6,10,,
UHEWA,43,21,10,,
UHEWA,43,49,10,,
UHEWA,43,49,10,,
MDB,11,36,100,,
UHEWA,43,58,10,,
MDB,11,36,25,,
UHEWA,43,58,10,,
UHEWA,43,58,10,,
UHEWA,43,45,10,,
UHEWA,43,58,10,,
UHEWA,43,58,10,,
UHEWA,43,45,10,,
UHEWA,43,58,10,,
UHEWA,43,17,10,,
UHEWA,43,49,10,,
UHEWA,43,14,10,,
UHEWA,43,34,10,,
UHEWA,43,34,10,,
UHEWA,43,19,10,,
UHEWA,43,10,100,,
UHEWA,43,34,10,,
NICL,43,33,10,,
RIDI,35,38,10,,
NICLBSL,35,14,200,,
KSBBL,58,39,100,,
UHEWA,6,11,10,,
MKJC,49,6,150,,
MKJC,49,57,10,,
MKJC,49,19,200,,
MKJC,49,35,100,,
MKJC,49,48,20,,
MKJC,49,58,20,,
UIC,7,18,17,,
UIC,37,18,83,,
UIC,56,18,100,,
MBL,45,41,100,,
UNHPL,25,53,200,,
NFS,16,48,20,,
SHL,26,39,500,,
VLBS,10,34,10,,
PFL,28,52,10,,
MEN,47,13,10,,
NHPC,33,6,600,,
NHPC,33,41,500,,
NHPC,33,52,100,,
UHEWA,6,58,10,,
KBL,16,54,10,,
KBL,16,51,290,,
NLBBL,51,25,235,,
NLBBL,54,25,115,,
NLBBL,14,25,100,,
AHPC,57,29,50,,
AHPC,50,29,50,,
SANIMA,49,11,500,,
KSBBL,4,41,265,,
SANIMA,41,11,30,,
KSBBL,16,41,100,,
SANIMA,28,11,30,,
KSBBL,48,41,100,,
SANIMA,45,11,200,,
KSBBL,22,41,100,,
SANIMA,32,11,300,,
PMHPL,34,38,30,,
KSBBL,58,41,15,,
SANIMA,32,11,20,,
KSBBL,46,41,410,,
MKLB,42,58,10,,
PMHPL,28,38,20,,
KSBBL,56,41,10,,
SANIMA,22,11,50,,
SKBBL,34,D01,412,,
SANIMA,57,11,1000,,
RHGCL,6,25,10,,
SANIMA,35,11,50,,
SKBBL,55,D01,200,,
SANIMA,57,11,375,,
SKBBL,56,D01,10,,
SANIMA,58,11,66,,
SKBBL,49,D01,50,,
SKBBL,48,D01,10,,
SKBBL,34,D01,100,,
SKBBL,3,D01,10,,
SKBBL,16,D01,20,,
SICL,8,51,150,,
SKBBL,49,D01,28,,
SKBBL,32,D01,100,,
SICL,58,51,60,,
SKBBL,47,D01,50,,
SICL,58,51,30,,
SKBBL,47,D01,10,,
SICL,38,51,10,,
SICL,18,51,150,,
SIFC,53,46,100,,
SICL,47,51,200,,
SIFC,55,46,325,,
SIFC,42,46,200,,
SIFC,59,46,100,,
SBL,22,47,12,,
UMRH,42,57,243,,
NRIC,35,51,30,,
SGHC,33,58,10,,
NRIC,25,51,10,,
SPDL,56,50,13,,
NCCB,41,10,200,,
SPDL,53,50,318,,
SPDL,32,50,58,,
SGHC,33,57,30,,
BARUN,43,49,10,,
MLBL,33,57,100,,
GMFIL,58,38,128,,
NICSF,59,6,4400,,
NIFRA,34,22,16,,
NHPC,28,37,1900,,
NHPC,38,37,100,,
NABIL,40,35,50,,
SHPC,55,17,216,,
SHPC,55,51,284,,
NABIL,22,35,30,,
UPPER,38,37,10,,
NUBL,41,13,40,,
AKPL,47,42,100,,
NCCB,34,10,50,,
AKPL,56,42,200,,
NCCB,14,10,30,,
AKPL,19,42,89,,
NCCB,32,10,230,,
EDBL,34,35,490,,
EDBL,56,35,10,,
ALICL,25,35,100,,
ALICL,45,35,10,,
ALICL,21,35,100,,
ALICL,57,35,100,,
ALICL,11,35,90,,
JBLB,54,53,15,,
ALICL,50,35,100,,
ALICL,42,35,50,,
ALICL,6,35,100,,
NTC,58,21,20,,
NTC,58,33,10,,
DHPL,29,38,32,,
NTC,16,33,10,,
NMFBS,52,57,40,,
NTC,29,49,30,,
NTC,58,49,70,,
CIT,21,49,10,,
CIT,56,49,100,,
CIT,39,49,20,,
NRIC,34,46,10,,
NCCB,39,10,10,,
NCCB,20,10,20,,
AKPL,54,42,389,,
NCCB,58,10,50,,
SHIVM,49,42,40,,
SHIVM,49,35,10,,
USLB,37,53,350,,
USLB,45,53,50,,
NBL,29,38,117,,
NBL,25,38,50,,
NBL,45,38,300,,
NBL,59,38,10,,
NBL,39,38,23,,
MBL,38,13,45,,
KKHC,44,42,80,,
KKHC,44,38,330,,
KKHC,44,43,90,,
NICA,34,34,50,,
HIDCL,42,22,47,,
HIDCL,42,42,50,,
HIDCL,42,14,88,,
HIDCL,42,50,10,,
RFPL,34,32,64,,
NESDO,25,7,10,,
NMB,17,45,300,,
NMB,35,45,200,,
CLBSL,13,52,30,,
ICFC,14,14,10,,
RIDI,58,58,480,,
RIDI,57,58,90,,
RIDI,29,58,100,,
RHGCL,6,44,10,,
RHGCL,49,44,80,,
RHGCL,49,44,880,,
JFL,48,57,10,,
RHGCL,58,44,10,,
JFL,48,14,10,,
RHGCL,58,44,20,,
JFL,48,8,300,,
SANIMA,58,14,34,,
SGHC,50,35,10,,
UMRH,42,37,500,,
AKPL,49,34,10,,
RHGCL,58,3,10,,
HIDCL,41,19,81,,
SHINE,57,45,50,,
NIFRA,34,59,34,,
NIFRA,8,59,20,,
NTC,58,4,30,,
UHEWA,6,26,10,,
NIL,40,21,40,,
RHGCL,58,46,10,,
HDHPC,55,21,24,,
HDHPC,55,29,100,,
HDHPC,55,34,266,,
HDHPC,55,21,60,,
JALPA,58,42,15,,
NABIL,32,7,10,,
NABIL,56,7,40,,
NGPL,45,58,10,,
CZBIL,41,6,100,,
JBBL,42,58,50,,
API,58,19,300,,
API,29,19,1000,,
API,56,19,100,,
API,28,19,100,,
API,35,19,200,,
API,1,19,300,,
NBL,39,59,10,,
RHGCL,58,58,10,,
KRBL,58,41,19,,
KRBL,45,41,100,,
KRBL,38,41,109,,
KRBL,26,41,10,,
RLFL,32,37,160,,
PCBL,42,58,250,,
NLIC,47,4,200,,
RHGCL,13,58,10,,
RHGCL,13,25,10,,
CZBIL,13,6,20,,
GMFIL,58,38,15,,
NSLB,6,4,25,,
NSLB,42,4,15,,
RIDI,4,56,100,,
SWBBL,25,41,28,,
SWBBL,42,41,22,,
IGI,44,29,10,,
MHL,45,58,10,,
MHL,45,25,100,,
MHL,45,45,10,,
MHL,45,49,10,,
MHL,45,58,10,,
MHL,45,21,10,,
MHL,45,4,10,,
MHL,45,34,10,,
MHL,45,34,10,,
MHL,45,47,10,,
MHL,45,28,10,,
MHL,45,38,10,,
MHL,45,38,10,,
PPCL,53,45,345,,
MHL,45,58,10,,
PPCL,57,45,50,,
SPDL,53,43,200,,
HDL,14,19,18,,
SKBBL,59,33,10,,
SKBBL,50,33,20,,
SKBBL,55,33,40,,
SKBBL,49,33,30,,
NYADI,49,6,10,,
RHGCL,46,21,10,,
HHL,28,56,74,,
HHL,58,56,100,,
HHL,28,56,116,,
HHL,50,56,10,,
MMFDB,49,43,20,,
SAHAS,38,28,10,,
FOWAD,28,58,10,,
CBBL,6,48,80,,
HDL,36,19,10,,
GHL,57,36,50,,
API,1,38,200,,
SANIMA,58,39,100,,
MBJC,34,41,10,,
UHEWA,6,44,10,,
NLBBL,35,49,10,,
NLBBL,38,49,14,,
HIDCL,17,57,10,,
NLICL,11,57,39,,
NLICL,35,57,50,,
JBLB,20,57,17,,
NLICL,3,57,50,,
SGHC,50,45,70,,
SGHC,32,45,180,,
SGHC,40,45,20,,
UNHPL,25,14,50,,
CIT,53,3,25,,
SICL,40,38,65,,
SICL,40,3,35,,
NMBMF,41,25,28,,
NMBMF,28,25,10,,
NMBMF,11,25,12,,
DORDI,6,34,12,,
NMBMF,44,25,50,,
NMBMF,47,25,10,,
NMBMF,18,25,40,,
NMBMF,32,25,100,,
NMBMF,57,25,50,,
LBL,35,56,79,,
MKJC,49,42,20,,
RADHI,42,49,100,,
SHIVM,35,35,100,,
NABIL,1,6,93,,
NABIL,1,14,20,,
NABIL,1,45,10,,
RIDI,29,50,400,,
RIDI,57,50,500,,
RIDI,49,50,100,,
MHL,21,34,10,,
RIDI,34,50,500,,
GFCL,52,34,500,,
MPFL,33,38,100,,
MPFL,47,38,100,,
MPFL,22,38,113,,
NFS,16,48,10,,
SLCF,37,58,200,,
AHPC,5,41,10,,
UPCL,7,54,85,,
GVL,25,43,10,,
SHIVM,43,35,140,,
CORBL,58,49,25,,
HDL,58,19,15,,
HDL,26,19,50,,
HDL,36,19,20,,
GFCL,28,55,10,,
HDL,21,19,20,,
KSBBL,36,39,246,,
HDL,25,19,10,,
KSBBL,36,52,100,,
HDL,19,19,10,,
KSBBL,36,14,354,,
NESDO,33,58,10,,
BARUN,4,49,350,,
MLBL,49,11,280,,
HDHPC,42,21,940,,
SHINE,57,49,500,,
ACLBSL,34,43,30,,
PICL,42,26,100,,
SPC,39,49,10,,
STC,54,39,15,,
UPCL,43,43,154,,
UPCL,51,43,55,,
UPCL,49,43,156,,
UPCL,16,43,135,,
LLBS,53,16,35,,
MLBL,49,25,163,,
MLBL,36,25,87,,
NRIC,34,25,100,,
ADBL,44,14,20,,
SLBBL,41,5,133,,
SLBBL,53,5,25,,
SLBBL,26,5,12,,
SLBBL,36,5,100,,
SLBBL,45,5,15,,
SLBBL,42,5,15,,
NRIC,45,36,50,,
SADBL,58,57,20,,
UMRH,42,6,200,,
UMRH,42,45,200,,
UMRH,42,29,30,,
UMRH,42,37,500,,
UMRH,42,55,100,,
UMRH,42,48,100,,
UMRH,42,36,127,,
CFCL,11,29,471,,
CFCL,46,29,100,,
CFCL,49,29,119,,
CFCL,26,29,10,,
CFCL,42,29,50,,
CFCL,11,29,240,,
NYADI,22,45,10,,
JBLB,20,56,12,,
JBLB,20,58,17,,
NGPL,34,56,280,,
NGPL,45,56,100,,
NGPL,51,56,100,,
NGPL,51,56,20,,
AKPL,42,34,125,,
SBL,49,54,14,,
SBL,38,54,200,,
SBL,47,54,36,,
SBL,3,54,100,,
SBL,29,54,500,,
SBL,43,54,100,,
SBL,21,54,50,,
SBL,54,45,50,,
JOSHI,57,4,29,,
AHPC,17,41,10,,
CZBIL,42,6,1000,,
SCB,14,45,50,,
BFC,16,25,40,,
HIDCL,41,4,1200,,
HIDCL,17,4,500,,
HIDCL,33,4,100,,
RLFL,32,29,40,,
RLFL,6,29,50,,
RLFL,40,29,200,,
RLFL,53,29,10,,
RLFL,36,29,10,,
RLFL,49,29,50,,
LBBL,39,29,50,,
SHIVM,5,53,150,,
SHIVM,29,53,200,,
NTC,8,4,227,,
NTC,28,4,99,,
NTC,14,4,19,,
NTC,13,4,50,,
NTC,41,4,10,,
NGPL,38,58,25,,
NTC,8,4,15,,
NTC,42,4,10,,
BHL,57,21,10,,
PCBL,44,58,10,,
PCBL,44,49,46,,
PCBL,44,57,40,,
PCBL,44,45,500,,
PCBL,44,22,104,,
UPCL,16,29,50,,
LBBL,36,10,454,,
LBBL,36,26,100,,
LBBL,36,48,50,,
LBBL,36,45,377,,
LBBL,36,45,19,,
USHEC,40,4,10,,
TPC,25,25,105,,
CIT,39,56,10,,
SHIVM,14,35,100,,
NRIC,35,36,30,,
GMFIL,58,48,50,,
MKJC,4,58,10,,
SGHC,40,21,10,,
NRN,45,50,100,,
PRVU,48,57,490,,
AKJCL,22,36,110,,
MEN,47,13,10,,
NHPC,28,39,395,,
NHPC,58,39,50,,
RFPL,42,49,2360,,
BHDC,42,58,10,,
FOWAD,45,58,100,,
UHEWA,6,40,10,,
KSBBL,48,14,250,,
GUFL,28,56,10,,
NIFRA,58,13,10,,
MLBS,45,59,40,,
MLBS,45,59,20,,
HDHPC,42,40,100,,
CZBIL,52,6,50,,
CZBIL,5,6,70,,
CZBIL,26,6,503,,
GBBL,21,39,15,,
GFCL,52,34,425,,
GFCL,18,34,55,,
JBBL,10,25,78,,
JBBL,13,25,50,,
JBBL,44,25,100,,
JBBL,29,25,100,,
JBBL,45,25,100,,
JBBL,6,25,50,,
JBBL,59,25,500,,
JBBL,39,25,100,,
JBBL,49,25,10,,
JBBL,42,25,85,,
JBBL,21,25,45,,
JBBL,34,25,100,,
JBBL,13,25,381,,
NUBL,38,51,64,,
KSBBL,55,14,20,,
DORDI,45,4,10,,
NICA,44,34,11,,
NICA,44,49,19,,
ILBS,58,17,16,,
USHEC,57,58,60,,
AKJCL,14,19,40,,
SHL,58,39,100,,
SMFDB,41,56,70,,
KBL,29,39,20,,
NABIL,11,6,22,,
CIT,58,3,40,,
NLIC,56,4,500,,
NLIC,45,4,23,,
NLIC,56,4,500,,
NLIC,48,4,500,,
NLIC,59,4,100,,
NLIC,48,4,100,,
NLIC,22,4,200,,
NLIC,54,4,100,,
NLIC,42,4,18,,
NESDO,33,54,10,,
NLIC,57,4,20,,
NLIC,42,4,10,,
NLIC,17,4,180,,
RHGCL,46,58,10,,
NLIC,46,4,150,,
NLIC,26,4,50,,
NLIC,38,4,10,,
FOWAD,55,48,34,,
FOWAD,28,48,19,,
FOWAD,58,48,12,,
RHGCL,46,48,10,,
RFPL,42,58,775,,
PCBL,44,22,10,,
HDL,57,42,10,,
HDL,48,42,10,,
HDL,59,42,50,,
HDL,49,42,47,,
HDL,17,42,15,,
HDL,52,42,30,,
HDL,35,42,10,,
HDL,54,42,10,,
HDL,41,42,50,,
HDL,14,42,150,,
RHGCL,6,32,10,,
STC,54,57,70,,
API,21,58,250,,
API,21,14,20,,
API,21,28,20,,
SHPC,48,51,20,,
NESDO,53,5,10,,
MHL,45,58,10,,
MHL,45,49,10,,
MHL,45,38,10,,
MHL,45,16,10,,
MHL,45,58,10,,
MHL,45,22,10,,
MHL,45,48,10,,
MHL,45,8,10,,
MHL,45,58,10,,
MHL,45,34,10,,
MHL,45,35,10,,
MHL,45,33,10,,
MHL,45,58,10,,
MHL,45,34,10,,
PPCL,53,43,200,,
MHL,45,56,10,,
API,21,56,433,,
API,21,34,27,,
API,21,25,150,,
API,21,38,100,,
API,21,44,100,,
HDL,14,16,50,,
HDL,36,16,50,,
SANIMA,57,49,175,,
SANIMA,57,49,50,,
NESDO,28,54,10,,
CIT,39,19,10,,
DORDI,59,35,10,,
USHEC,40,58,10,,
RFPL,42,32,210,,
RFPL,37,32,390,,
CIT,39,45,10,,
MLBL,36,14,13,,
SBL,40,25,80,,
AKPL,19,16,22,,
AKPL,45,16,50,,
AKPL,58,16,100,,
AKPL,34,16,30,,
AKPL,38,16,100,,
AKPL,46,16,10,,
SANIMA,58,39,50,,
AKPL,1,16,64,,
AKPL,38,16,50,,
AKPL,13,16,169,,
PRVU,22,45,27,,
PCBL,26,22,18,,
NYADI,49,10,20,,
SHIVM,29,42,100,,
CZBIL,26,42,47,,
CZBIL,25,42,30,,
CZBIL,7,42,50,,
CZBIL,17,42,100,,
CZBIL,17,42,39,,
CZBIL,13,42,30,,
CZBIL,45,42,204,,
NIL,6,57,240,,
NIL,54,57,149,,
NIL,46,57,16,,
RHGCL,49,32,10,,
SFCL,6,43,70,,
CBBL,6,48,268,,
CBBL,6,32,14,,
SANIMA,57,55,50,,
CBBL,6,45,20,,
CBBL,6,11,10,,
CBBL,6,43,45,,
CBBL,6,53,15,,
CBBL,6,21,48,,
CBBL,6,34,20,,
NRIC,26,36,20,,
EDBL,34,48,10,,
PCBL,26,56,16,,
NICA,47,49,10,,
KSBBL,57,14,20,,
SANIMA,57,32,350,,
SPC,39,45,12,,
GBBL,4,39,100,,
HEI,33,57,10,,
RHGCL,49,58,10,,
UMHL,42,44,500,,
NRIC,25,36,50,,
KEF,16,6,5000,,
KEF,52,6,3000,,
GUFL,17,29,55,,
GUFL,28,29,35,,
PFL,14,33,809,,
API,35,25,50,,
HDL,36,38,30,,
RHGCL,49,58,10,,
IGI,4,4,140,,
NRIC,22,46,50,,
AKJCL,22,48,50,,
RHGCL,49,17,10,,
GFCL,28,34,10,,
ILBS,47,43,14,,
SANIMA,38,39,10,,
NMBHF1,58,33,327,,
BFC,16,45,50,,
SPDL,44,45,320,,
SPDL,44,39,160,,
SPDL,44,45,70,,
SPDL,44,52,450,,
AKPL,13,56,155,,
AKPL,45,56,115,,
AKPL,36,56,50,,
AKPL,32,56,80,,
AKPL,41,56,100,,
SGHC,40,57,10,,
NABIL,55,6,10,,
NLICL,35,39,500,,
BNHC,38,45,500,,
BNHC,38,50,20,,
CHCL,57,25,12,,
GHL,35,7,569,,
GHL,54,7,50,,
GHL,1,7,100,,
GHL,43,7,160,,
GHL,44,7,50,,
GHL,57,7,67,,
SHEL,48,45,30,,
SHEL,13,45,50,,
SHEL,34,45,20,,
KBL,20,39,100,,
KBL,19,39,100,,
KBL,42,39,200,,
KBL,8,39,20,,
KBL,4,39,278,,
KBL,16,39,10,,
KBL,34,39,50,,
KBL,45,39,200,,
KBL,20,39,30,,
HURJA,34,35,250,,
KBL,58,39,74,,
JOSHI,6,38,20,,
PPCL,53,16,89,,
NRIC,26,46,100,,
RHGCL,49,47,10,,
GHL,57,7,172,,
GHL,59,7,1100,,
NLG,21,4,10,,
HIDCL,51,57,50,,
NABIL,50,7,20,,
NABIL,25,7,50,,
NABIL,58,7,23,,
NABIL,45,7,71,,
NABIL,13,7,28,,
ADBL,35,18,165,,
NGPL,7,58,100,,
MPFL,22,45,275,,
AKPL,57,34,200,,
RHGCL,49,52,10,,
NTC,28,33,50,,
JBLB,34,58,54,,
NTC,42,25,80,,
NTC,58,25,20,,
HIDCL,47,57,100,,
ICFC,41,14,15,,
ICFC,45,14,19,,
ICFC,26,14,10,,
ICFC,42,14,20,,
MLBL,41,14,22,,
MLBL,41,34,78,,
MHL,21,34,60,,
AHPC,57,56,500,,
GFCL,18,29,200,,
RHGCL,49,32,10,,
NBL,43,59,13,,
CZBIL,45,25,796,,
MBJC,58,38,10,,
RSDC,26,58,10,,
LICN,25,34,10,,
HIDCL,43,57,115,,
HIDCL,35,57,216,,
SRBL,58,1,90,,
UPPER,33,37,40,,
NMB,4,45,78,,
ADBL,34,18,10,,
RHGCL,7,41,10,,
RHGCL,7,38,10,,
IGI,4,57,100,,
RHGCL,7,52,10,,
RHGCL,7,51,10,,
RHGCL,7,58,10,,
SHPC,53,10,42,,
NICA,39,49,50,,
KEF,59,6,5000,,
KEF,37,6,5000,,
KEF,17,6,900,,
SRBL,54,55,50,,
MFIL,56,38,10,,
UPPER,57,37,20,,
SLBBL,44,45,80,,
SLBBL,34,45,25,,
SLBBL,29,45,50,,
SLBBL,13,45,100,,
SLBBL,16,45,20,,
SLBBL,10,45,100,,
SLBBL,17,45,10,,
SLBBL,29,45,20,,
NSLB,57,4,100,,
NSLB,28,4,50,,
HDHPC,42,21,960,,
SCB,42,32,172,,
NIFRA,54,5,100,,
SHIVM,29,35,30,,
NMBHF1,21,33,839,,
AHPC,58,41,28,,
AHPC,58,49,62,,
SBL,49,25,20,,
GFCL,28,34,10,,
GFCL,28,58,10,,
UMRH,57,36,63,,
UMRH,13,36,100,,
NMBMF,45,57,18,,
MHNL,28,5,500,,
GHL,57,21,23,,
GHL,45,21,100,,
PCBL,4,44,960,,
NCCB,32,45,20,,
FMDBL,17,32,40,,
SHPC,44,58,38,,
SHPC,59,58,50,,
SHPC,42,58,50,,
SHPC,25,58,150,,
SANIMA,58,45,15,,
SHPC,54,58,50,,
JSLBB,16,51,20,,
MERO,34,49,100,,
HIDCL,33,50,10,,
CIT,58,38,100,,
STC,54,1,50,,
DDBL,41,58,25,,
ENL,49,34,27,,
RADHI,42,22,159,,
RADHI,42,35,41,,
HPPL,8,14,30,,
HPPL,42,14,50,,
HPPL,41,14,100,,
HPPL,32,14,200,,
HIDCL,35,43,207,,
HPPL,19,14,100,,
HIDCL,45,43,200,,
HPPL,22,14,20,,
NMB,4,55,50,,
NHPC,28,21,396,,
NHPC,57,21,767,,
NHPC,55,21,20,,
PFL,13,49,20,,
ENL,57,52,10,,
ENL,57,34,10,,
PROFL,28,45,70,,
PROFL,28,34,20,,
PROFL,28,7,10,,
USHEC,40,21,20,,
PCBL,4,26,40,,
HDL,45,42,50,,
HDL,44,42,10,,
EDBL,57,18,423,,
HDL,41,42,10,,
HDL,39,42,10,,
EDBL,43,18,100,,
HDL,16,42,100,,
EDBL,47,18,20,,
HDL,45,42,50,,
EDBL,22,18,67,,
HDL,53,42,10,,
EDBL,57,18,200,,
HDL,42,42,50,,
HDL,37,42,30,,
HDL,34,42,30,,
RHGCL,49,32,10,,
MHL,39,34,200,,
LICN,25,28,57,,
LICN,35,28,30,,
MBJC,58,57,18,,
LICN,59,28,50,,
LICN,59,28,50,,
MBJC,18,57,52,,
LICN,26,28,50,,
PICL,42,28,200,,
LICN,26,28,100,,
PICL,38,28,50,,
RHGCL,49,32,10,,
HIDCL,35,45,32,,
SHIVM,58,35,50,,
GRDBL,29,57,84,,
GRDBL,38,57,76,,
NMB,36,45,30,,
MNBBL,14,58,90,,
NFS,29,47,42,,
NFS,41,47,100,,
NFS,38,47,13,,
BBC,1,38,10,,
GBBL,16,35,30,,
HDL,8,29,20,,
CIT,58,43,10,,
AHPC,22,49,18,,
AHPC,22,22,32,,
RIDI,44,25,800,,
GUFL,28,56,10,,
RHGCL,49,45,10,,
ADBL,14,18,25,,
UPCL,35,35,90,,
CGH,46,16,13,,
RHPL,16,33,10,,
RHPL,47,33,100,,
RHPL,57,33,100,,
RHPL,14,33,390,,
FOWAD,58,57,20,,
LICN,35,34,10,,
USHEC,40,11,10,,
UPPER,4,37,25,,
UPPER,21,37,20,,
UPPER,28,37,117,,
USHEC,57,43,20,,
USHEC,57,49,10,,
MHNL,29,14,70,,
GBBL,39,35,10,,
NMBHF1,10,33,1334,,
AHPC,25,22,100,,
ALICL,29,38,33,,
HDHPC,17,21,40,,
NRIC,34,57,11,,
RHGCL,49,57,10,,
AKJCL,22,28,650,,
AKJCL,17,28,150,,
LBBL,45,45,123,,
NRN,14,49,250,,
NIFRA,58,1,44,,
NIFRA,42,1,56,,
NRIC,25,57,150,,
NRN,8,49,168,,
MNBBL,51,44,22,,
UPPER,28,57,30,,
UPPER,34,57,20,,
DORDI,59,32,10,,
NABBC,18,41,10,,
NABBC,18,34,10,,
PCBL,34,57,50,,
RMF1,32,58,876,,
RMF1,28,58,1900,,
SBL,49,14,80,,
SPC,39,45,215,,
SPC,45,45,20,,
SBL,57,14,20,,
RLFL,49,32,250,,
ENL,49,45,80,,
ENL,49,28,72,,
ENL,49,55,10,,
ENL,49,55,21,,
SPDL,53,34,50,,
SPDL,10,34,50,,
NABIL,13,21,47,,
NABIL,13,4,20,,
NABIL,13,49,145,,
BFC,32,46,100,,
NABIL,43,49,30,,
API,6,58,100,,
NLIC,3,45,100,,
NESDO,28,10,10,,
AKPL,32,39,20,,
LBL,42,51,200,,
UPPER,51,13,50,,
NICA,14,57,50,,
NICA,22,57,150,,
CIT,29,43,10,,
NIFRA,42,38,64,,
IGI,4,33,209,,
JBLB,44,58,20,,
JBLB,42,58,10,,
JBLB,42,58,20,,
SICL,38,58,10,,
GBBL,13,35,50,,
NHPC,55,38,50,,
PCBL,44,57,10,,
JBBL,13,51,119,,
JBBL,26,51,10,,
JBBL,42,51,11,,
NHPC,57,35,110,,
NHPC,57,35,110,,
ICFC,45,21,81,,
ICFC,48,21,19,,
MHL,39,34,50,,
MHL,39,34,30,,
SFCL,34,43,20,,
HDHPC,17,21,960,,
SPDL,32,52,10,,
SPDL,32,58,10,,
UPCL,35,56,10,,
MBL,58,13,140,,
MBL,58,7,60,,
RFPL,21,38,10,,
LICN,16,28,50,,
ENL,52,55,10,,
BFC,4,45,250,,
NICA,22,45,50,,
MFIL,45,6,10,,
NIFRA,42,21,540,,
SINDU,20,21,179,,
SINDU,44,21,200,,
SINDU,40,21,217,,
SINDU,35,21,200,,
SINDU,25,21,15,,
BHL,57,37,460,,
BHL,5,37,440,,
BHL,44,37,80,,
API,28,17,100,,
ICFC,48,55,90,,
SICL,45,58,85,,
NLICL,50,57,100,,
RHGCL,49,49,55,,
RHGCL,6,49,30,,
RHGCL,57,49,100,,
RHGCL,6,49,100,,
RHGCL,45,49,70,,
LBBL,45,57,30,,
LBBL,45,8,100,,
LBBL,45,45,41,,
KSBBL,46,39,540,,
PFL,14,33,50,,
PFL,40,33,15,,
PFL,37,33,100,,
PFL,45,33,20,,
PFL,21,33,50,,
PFL,8,33,500,,
PFL,42,33,60,,
PFL,28,33,30,,
PFL,32,33,50,,
PFL,44,33,100,,
PFL,38,33,500,,
PFL,48,33,100,,
PFL,44,33,100,,
PFL,48,33,25,,
PFL,57,33,100,,
PFL,38,33,20,,
PFL,50,33,33,,
PFL,58,33,12,,
PFL,48,33,500,,
PFL,51,33,100,,
NICA,6,49,20,,
GUFL,28,29,65,,
GLH,14,57,10,,
STC,55,34,10,,
FOWAD,38,57,10,,
NESDO,58,8,10,,
DORDI,41,34,25,,
NABIL,57,56,16,,
NUBL,38,25,30,,
SRBL,43,6,1000,,
NUBL,56,25,10,,
SRBL,43,6,1000,,
NUBL,39,25,150,,
NUBL,18,25,10,,
CFCL,42,38,325,,
GBBL,57,35,50,,
NHPC,57,21,13,,
GUFL,22,29,25,,
NHPC,35,21,10,,
NHPC,54,21,54,,
RHGCL,45,34,10,,
SHIVM,51,35,100,,
SRBL,25,55,836,,
SRBL,25,14,100,,
SRBL,25,49,50,,
RHGCL,45,58,10,,
SRBL,25,6,14,,
NRIC,25,41,100,,
LBBL,57,45,35,,
SHPC,5,51,10,,
GUFL,58,29,100,,
GFCL,18,45,245,,
GFCL,40,45,30,,
GFCL,38,45,25,,
HIDCL,35,32,25,,
GVL,25,11,10,,
HDL,59,35,20,,
HDL,47,35,12,,
AHPC,54,22,18,,
AHPC,54,4,10,,
AHPC,54,6,72,,
JBBL,42,25,12,,
AHPC,54,34,100,,
KMCDB,25,42,10,,
UPPER,28,13,210,,
UPPER,57,13,100,,
BPCL,13,13,24,,
SIFC,55,14,275,,
SIFC,21,14,90,,
SIFC,54,14,135,,
KSBBL,49,14,200,,
SADBL,35,57,100,,
SADBL,58,57,350,,
NHPC,38,38,20,,
AKJCL,17,36,50,,
CGH,46,16,30,,
KLBSL,58,6,10,,
RHGCL,45,4,10,,
AKJCL,39,57,80,,
AKJCL,14,57,60,,
AKJCL,58,57,100,,
AKJCL,11,57,200,,
AKJCL,25,57,10,,
AKJCL,38,57,50,,
NEF,41,59,1000,,
NEF,17,59,100,,
NEF,6,59,1969,,
NEF,45,59,1000,,
NEF,45,59,1000,,
NEF,45,59,1000,,
NEF,58,59,230,,
MLBL,32,34,200,,
AKPL,16,34,10,,
API,28,6,300,,
MFIL,21,6,60,,
UPCL,14,20,195,,
UPCL,34,20,30,,
UPCL,45,20,25,,
SGHC,40,46,10,,
FOWAD,39,19,50,,
KPCL,32,46,10,,
AKPL,45,56,500,,
HIDCL,38,50,150,,
HIDCL,38,41,320,,
HIDCL,38,6,30,,
KBL,58,21,26,,
KBL,20,21,100,,
RHGCL,6,58,10,,
KBL,38,21,30,,
KBL,32,21,10,,
KBL,45,21,70,,
KBL,29,21,50,,
KBL,38,21,10,,
KBL,11,21,494,,
NRN,8,58,262,,
DORDI,17,45,30,,
GLH,34,14,20,,
GLH,50,14,80,,
STC,55,22,10,,
NICGF,14,37,5000,,
NICGF,43,37,5000,,
HDHPC,44,56,10,,
HDHPC,44,25,150,,
HDHPC,44,47,117,,
SHPC,17,51,150,,
SHPC,17,49,100,,
SHPC,17,58,100,,
SHPC,17,29,650,,
HDL,47,29,18,,
IGI,4,33,500,,
API,26,28,50,,
PCBL,51,44,41,,
PCBL,14,44,20,,
PCBL,41,44,50,,
PCBL,14,44,300,,
PCBL,32,44,300,,
PCBL,14,44,20,,
PCBL,26,44,269,,
NUBL,34,5,50,,
MLBBL,14,57,110,,
MLBBL,57,57,10,,
GUFL,41,56,500,,
GHL,35,59,30,,
CZBIL,35,25,320,,
ENL,52,58,10,,
KMCDB,43,51,20,,
SRBL,4,6,100,,
SINDU,25,29,485,,
SRBL,35,6,730,,
ICFC,28,19,10,,
NIFRA,42,39,570,,
BHL,5,58,10,,
NIFRA,42,58,10,,
SAPDBL,54,38,140,,
JBLB,13,38,10,,
HDL,47,48,10,,
MPFL,52,45,15,,
MPFL,16,45,10,,
UHEWA,45,35,10,,
RHGCL,6,48,10,,
SJCL,48,42,13,,
NIFRA,42,45,60,,
RHGCL,6,11,10,,
GMFIL,58,58,100,,
EBL,35,51,50,,
NUBL,18,25,20,,
NUBL,51,25,80,,
UPPER,28,26,200,,
SLBBL,29,51,80,,
SLBBL,51,51,100,,
SLBBL,35,51,20,,
MBJC,18,56,10,,
PRVU,42,42,11,,
PRVU,38,42,431,,
PRVU,49,42,50,,
PRVU,33,42,500,,
RIDI,41,25,200,,
SFCL,52,57,50,,
SHIVM,57,35,20,,
HIDCL,59,6,500,,
NABIL,38,49,50,,
BPCL,13,48,200,,
SIFC,54,14,165,,
SIFC,48,14,250,,
SIFC,7,14,25,,
SIFC,49,14,50,,
SIFC,38,14,10,,
API,42,28,30,,
ALICL,29,13,22,,
ALICL,43,13,128,,
GUFL,50,29,200,,
GUFL,56,29,10,,
GUFL,25,29,100,,
HDL,3,29,10,,
GUFL,26,29,200,,
CZBIL,35,6,180,,
NLG,25,14,10,,
CZBIL,56,6,20,,
PRVU,33,7,250,,
ICFC,48,4,391,,
DDBL,58,46,75,,
NHPC,54,37,146,,
NHPC,43,37,80,,
NHPC,56,37,274,,
DDBL,49,46,15,,
CGH,10,16,10,,
LICN,59,28,50,,
LICN,48,28,20,,
LICN,59,28,50,,
RHGCL,6,58,10,,
ICFC,22,47,12,,
KBL,57,51,10,,
KBL,57,51,90,,
GUFL,28,41,10,,
MLBL,49,53,23,,
SHIVM,17,4,1250,,
MLBL,56,53,417,,
SHIVM,49,4,500,,
MLBL,35,53,60,,
SHIVM,7,4,20,,
SHIVM,25,4,20,,
SHIVM,44,4,100,,
SHIVM,50,4,10,,
SHIVM,3,4,200,,
GVL,25,58,50,,
RHGCL,6,58,10,,
GVL,49,58,390,,
PRVU,57,7,500,,
HIDCL,22,6,100,,
AKPL,26,42,100,,
RHPL,14,20,40,,
RHPL,45,20,30,,
NHPC,57,38,30,,
AKJCL,45,36,50,,
AKJCL,17,36,100,,
SHPC,38,58,200,,
CBBL,6,58,28,,
CBBL,6,50,10,,
CBBL,6,42,100,,
CBBL,6,58,20,,
CBBL,6,37,60,,
CBBL,6,42,110,,
CBBL,6,42,167,,
HPPL,50,42,200,,
HPPL,34,42,15,,
HPPL,32,42,100,,
HPPL,5,42,200,,
HPPL,45,42,200,,
HPPL,1,42,100,,
HPPL,38,42,50,,
HHL,28,42,10,,
HPPL,13,42,35,,
NTC,28,7,100,,
NABIL,41,32,50,,
NABIL,6,32,20,,
UPCL,3,35,10,,
UPCL,6,35,100,,
UPCL,33,35,1216,,
IGI,34,22,20,,
CIT,53,38,10,,
CBBL,35,42,10,,
KSBBL,51,14,100,,
API,51,28,50,,
DORDI,28,45,50,,
FMDBL,59,19,50,,
CIT,45,38,22,,
NICLBSL,26,38,10,,
HHL,28,20,10,,
SAHAS,55,36,102,,
SAHAS,38,36,30,,
SAHAS,48,36,60,,
SAHAS,22,36,10,,
SAHAS,1,36,90,,
SAHAS,49,36,118,,
SAHAS,51,36,90,,
ADBL,59,44,10,,
MBJC,34,25,10,,
CBBL,58,42,50,,
UHEWA,45,20,50,,
NABIL,52,49,30,,
NABIL,52,55,70,,
MNBBL,16,17,251,,
MNBBL,32,17,49,,
MNBBL,6,17,100,,
MNBBL,42,17,100,,
LICN,1,28,20,,
LICN,22,28,20,,
LICN,14,28,10,,
LICN,5,28,10,,
LICN,47,28,10,,
LICN,59,28,50,,
LICN,10,28,20,,
LICN,29,28,50,,
LICN,6,28,10,,
PRVU,36,7,100,,
NMB,46,45,45,,
NLG,14,4,75,,
NHPC,38,39,200,,
KMCDB,25,45,10,,
MBJC,34,38,10,,
NHPC,58,39,100,,
STC,13,21,46,,
STC,55,21,34,,
PRVU,21,7,100,,
STC,37,21,20,,
NIBLPF,49,52,1485,,
GUFL,58,29,400,,
GUFL,59,29,100,,
GUFL,39,29,300,,
IGI,38,22,40,,
NBF2,39,33,200,,
AKJCL,17,57,100,,
NABIL,19,55,20,,
MHNL,41,14,30,,
SRBL,35,19,108,,
SRBL,54,19,92,,
RHGCL,43,49,50,,
CBBL,19,42,17,,
AHPC,34,6,333,,
NUBL,51,36,20,,
NUBL,54,36,20,,
NYADI,49,6,200,,
NICL,46,13,100,,
UHEWA,45,58,10,,
NHDL,43,34,10,,
API,42,28,30,,
SANIMA,42,57,41,,
SANIMA,41,57,500,,
SANIMA,54,57,172,,
NGPL,49,38,100,,
NGPL,4,38,90,,
HDHPC,53,47,15,,
GMFIL,58,58,50,,
NIFRA,57,34,14,,
API,13,28,70,,
API,13,38,130,,
NCCB,32,25,50,,
NRIC,25,25,100,,
GMFIL,58,56,20,,
RHGCL,55,49,495,,
API,58,48,11,,
API,46,48,1000,,
API,20,48,100,,
API,18,48,70,,
API,35,48,50,,
API,29,48,100,,
API,41,48,223,,
API,19,48,111,,
RFPL,37,55,20,,
API,45,48,150,,
API,22,48,40,,
API,21,48,18,,
API,58,48,11,,
CBBL,34,42,37,,
BPCL,13,49,50,,
BPCL,13,48,10,,
BPCL,13,16,130,,
BPCL,13,57,91,,
BPCL,13,37,150,,
BPCL,13,52,45,,
SICL,42,3,65,,
NGPL,58,14,50,,
RHGCL,6,36,10,,
HDL,55,29,10,,
RHGCL,6,58,10,,
SBI,45,51,11,,
SHPC,8,36,450,,
AKPL,13,19,176,,
AKPL,45,19,24,,
HIDCL,54,6,50,,
HIDCL,35,21,20,,
SADBL,58,50,15,,
PRVU,41,7,50,,
RIDI,45,32,500,,
SINDU,40,21,83,,
NYADI,38,32,20,,
SINDU,48,21,50,,
SINDU,38,21,10,,
SINDU,58,21,12,,
SINDU,45,21,100,,
SINDU,45,21,10,,
SINDU,57,21,35,,
SINDU,33,21,100,,
SINDU,54,21,300,,
SINDU,44,21,250,,
IGI,35,35,200,,
SINDU,38,21,50,,
LBL,49,58,10,,
AKJCL,28,45,160,,
NMFBS,26,55,15,,
NMFBS,21,55,10,,
JBLB,21,56,15,,
RFPL,42,42,10,,
RHGCL,6,45,10,,
UPPER,32,13,10,,
RHGCL,6,38,10,,
AHPC,57,41,50,,
NUBL,4,51,50,,
RMF1,28,58,1900,,
NUBL,45,51,300,,
NUBL,59,51,30,,
NUBL,42,51,50,,
NUBL,45,51,25,,
NUBL,52,51,50,,
NUBL,58,51,10,,
NUBL,7,51,80,,
NUBL,52,51,50,,
NUBL,42,51,16,,
NUBL,38,51,200,,
NUBL,42,51,10,,
NUBL,3,51,10,,
NUBL,34,51,50,,
JALPA,19,49,10,,
NUBL,28,51,10,,
NUBL,58,51,25,,
NUBL,59,51,25,,
CFCL,49,34,80,,
SGHC,55,57,10,,
HDHPC,5,47,50,,
LICN,48,45,10,,
LICN,5,45,10,,
LICN,42,45,50,,
LICN,28,45,16,,
UHEWA,45,20,10,,
MLBL,41,34,22,,
MLBL,41,43,80,,
MLBL,41,46,198,,
MLBL,56,49,83,,
NLG,47,4,200,,
NLG,8,4,400,,
NLG,50,4,300,,
NLG,36,4,25,,
UPCL,33,35,120,,
CBBL,26,51,63,,
NABIL,43,7,100,,
SPDL,53,37,400,,
SFCL,28,43,10,,
GRDBL,16,57,100,,
MFIL,48,38,16,,
NBL,38,55,200,,
SBI,45,22,130,,
NABIL,58,55,10,,
SANIMA,38,39,200,,
NICA,22,49,30,,
GVL,49,25,10,,
SHIVM,50,58,10,,
SHIVM,5,58,30,,
RSDC,26,34,56,,
RHGCL,6,45,10,,
RHGCL,6,39,10,,
HDL,26,50,10,,
HDL,47,50,20,,
BHL,5,56,10,,
NIFRA,29,42,10,,
RHGCL,38,10,10,,
CZBIL,57,57,75,,
CZBIL,57,48,695,,
NLIC,17,59,70,,
NLIC,45,59,10,,
NLIC,58,59,20,,
SHIVM,34,36,110,,
RHGCL,38,38,10,,
NHPC,38,39,200,,
API,58,58,39,,
NUBL,6,51,1040,,
GUFL,17,14,100,,
GUFL,56,14,10,,
GUFL,56,14,10,,
RHGCL,7,58,10,,
GUFL,56,14,10,,
GUFL,58,14,165,,
GUFL,56,14,10,,
GUFL,6,14,81,,
GUFL,48,14,10,,
GUFL,36,14,100,,
NGPL,58,58,10,,
MPFL,16,20,150,,
KKHC,34,43,110,,
API,59,58,10,,
NRIC,8,13,10,,
USHEC,7,38,10,,
AKJCL,49,48,20,,
KBL,52,57,30,,
SADBL,58,43,40,,
IGI,58,51,30,,
SHL,28,58,370,,
RFPL,42,11,10,,
RFPL,42,49,10,,
RFPL,42,39,50,,
RFPL,42,42,10,,
RFPL,42,13,100,,
RFPL,42,13,40,,
RFPL,42,29,10,,
RFPL,42,21,10,,
RFPL,42,58,30,,
RFPL,42,49,10,,
RFPL,42,36,10,,
RFPL,42,57,10,,
RFPL,42,21,10,,
NHPC,42,39,65,,
RFPL,42,29,10,,
HURJA,34,57,663,,
RFPL,42,49,10,,
HURJA,41,57,50,,
RFPL,42,36,10,,
HURJA,35,57,90,,
RFPL,42,39,270,,
HURJA,45,57,50,,
RFPL,42,58,35,,
MLBSL,34,57,34,,
HURJA,50,57,105,,
HURJA,45,57,30,,
MLBSL,38,57,10,,
HURJA,42,57,12,,
SCB,35,32,50,,
SCB,32,32,18,,
SCB,5,32,20,,
SCB,38,32,280,,
NLIC,38,45,10,,
SCB,25,32,10,,
NLIC,50,45,20,,
SCB,5,32,50,,
SCB,32,32,50,,
SCB,32,32,20,,
SCB,35,32,50,,
SCB,41,32,260,,
SCB,10,32,20,,
JOSHI,21,42,20,,
JOSHI,54,42,180,,
RHGCL,17,58,10,,
UIC,37,43,17,,
UIC,37,43,260,,
NTC,57,33,20,,
AKPL,7,42,10,,
SHPC,13,29,50,,
PCBL,44,26,10,,
JSLBB,16,32,11,,
MLBL,42,46,14,,
MLBL,26,46,10,,
MLBL,58,46,20,,
MLBL,53,46,30,,
JBBL,42,28,77,,
CGH,42,16,20,,
CGH,50,16,100,,
NLG,36,4,25,,
NLG,46,4,300,,
NLG,50,4,200,,
NLG,45,4,10,,
NLG,18,4,222,,
NLG,17,4,50,,
NLG,6,4,100,,
NLG,57,4,30,,
NLG,6,4,63,,
MERO,34,49,200,,
MERO,54,49,50,,
SHINE,57,13,200,,
SWBBL,42,36,28,,
MBL,36,13,100,,
SWBBL,29,36,12,,
CBBL,19,42,50,,
UHEWA,50,58,10,,
UHEWA,50,25,10,,
UHEWA,50,17,10,,
UHEWA,50,58,10,,
UHEWA,50,45,10,,
UHEWA,50,45,20,,
SPDL,53,17,600,,
ICFC,17,19,20,,
SRBL,14,6,36,,
SRBL,14,51,50,,
SRBL,14,17,114,,
SRBL,14,11,100,,
ADBL,40,44,10,,
RHGCL,17,38,10,,
CHCL,42,6,420,,
CHCL,42,34,50,,
CHCL,42,44,15,,
NBL,39,14,42,,
NLIC,38,20,60,,
MHL,39,21,10,,
UHEWA,45,58,10,,
JBBL,34,28,23,,
PMHPL,28,36,50,,
CZBIL,11,48,50,,
NIFRA,52,8,200,,
SFCL,52,34,100,,
RHGCL,17,10,10,,
NBF3,58,54,100,,
MHL,39,10,10,,
RIDI,44,45,1000,,
SHPC,22,29,50,,
RIDI,33,32,250,,
MKLB,53,56,100,,
TPC,39,25,110,,
ICFC,42,19,20,,
SLBBL,40,45,25,,
SFCL,52,44,500,,
NCCB,20,25,40,,
NCCB,49,25,2500,,
NCCB,41,25,200,,
NCCB,14,25,100,,
NCCB,36,25,10,,
NCCB,51,25,1000,,
NCCB,58,25,100,,
KSBBL,46,21,50,,
KSBBL,34,21,400,,
KSBBL,29,21,50,,
DDBL,58,42,90,,
NICA,46,3,268,,
NICA,54,3,22,,
NICA,38,3,10,,
BNHC,1,21,10,,
JOSHI,34,43,200,,
NUBL,6,57,60,,
NUBL,41,57,40,,
PMHPL,28,36,30,,
NABIL,51,19,20,,
NABIL,35,19,50,,
NABIL,42,19,10,,
RHGCL,17,25,10,,
UPCL,33,35,664,,
AHPC,58,6,100,,
DORDI,11,45,20,,
HIDCL,34,6,50,,
RHGCL,58,59,10,,
RHGCL,58,38,10,,
NBF3,38,33,100,,
UNHPL,58,45,20,,
CFCL,49,7,47,,
NRIC,8,25,182,,
SHIVM,29,54,20,,
NRIC,7,25,18,,
NRIC,36,25,10,,
NRIC,26,25,50,,
NRIC,6,25,66,,
NRIC,34,25,145,,
RHGCL,58,16,10,,
NRIC,54,25,84,,
NRIC,57,25,200,,
NRIC,51,25,150,,
NRIC,25,25,20,,
RHGCL,58,58,10,,
RHGCL,58,21,10,,
SKBBL,53,14,18,,
SKBBL,39,14,10,,
SKBBL,46,14,47,,
SKBBL,28,14,50,,
SKBBL,58,14,14,,
SKBBL,45,14,10,,
SKBBL,49,14,90,,
SKBBL,7,14,11,,
CZBIL,17,57,461,,
CZBIL,33,57,100,,
CZBIL,58,57,149,,
CZBIL,58,57,40,,
DORDI,41,45,20,,
HURJA,8,57,100,,
DDBL,44,42,10,,
PROFL,14,53,10,,
GMFIL,36,56,480,,
PROFL,14,7,10,,
CGH,8,16,10,,
CGH,51,16,17,,
CGH,20,16,10,,
CGH,22,16,50,,
CGH,38,16,20,,
CGH,51,16,50,,
CGH,45,16,10,,
CGH,21,16,10,,
CGH,54,16,20,,
SFCL,52,34,100,,
HIDCL,14,16,420,,
HIDCL,52,16,40,,
HIDCL,38,16,30,,
HIDCL,51,16,10,,
HEI,55,57,28,,
HEI,49,57,1000,,
RHGCL,32,49,100,,
DORDI,22,45,30,,
RHGCL,58,48,10,,
EBL,46,34,15,,
NBL,58,45,100,,
UPCL,57,35,10,,
GVL,25,41,10,,
NHPC,47,39,25,,
GHL,35,33,1701,,
GHL,14,33,50,,
GHL,34,33,150,,
GHL,25,33,50,,
GHL,49,33,70,,
GHL,22,33,100,,
GHL,38,33,50,,
GHL,56,33,200,,
GHL,44,33,500,,
GHL,45,33,40,,
GHL,45,33,20,,
GHL,6,33,200,,
GHL,21,33,20,,
BFC,4,6,25,,
GHL,57,33,829,,
BFC,41,6,10,,
GHL,33,33,795,,
GHL,57,33,10,,
GHL,58,33,45,,
GHL,50,33,550,,
UHEWA,45,47,10,,
UHEWA,45,32,10,,
ICFC,38,19,12,,
API,25,58,10,,
API,25,58,490,,
UHEWA,45,25,10,,
SBI,36,51,10,,
NFS,42,47,10,,
UHEWA,45,36,10,,
PCBL,26,45,31,,
PCBL,4,45,425,,
PCBL,19,45,44,,
RHGCL,58,38,10,,
UIC,37,34,190,,
UIC,32,34,10,,
AKPL,44,22,55,,
AKPL,44,21,460,,
AKPL,44,45,1000,,
AKPL,44,56,30,,
AKPL,44,25,100,,
AKPL,44,25,125,,
AKPL,44,42,30,,
AKPL,44,19,100,,
ICFC,38,22,90,,
ICFC,38,25,18,,
CBBL,42,58,20,,
MDB,11,56,275,,
MDB,49,56,50,,
NIL,25,57,10,,
LBL,42,46,100,,
LBL,58,46,200,,
RFPL,29,39,10,,
SFCL,52,20,90,,
HIDCL,43,6,225,,
RULB,53,56,10,,
SFCL,52,21,400,,
RFPL,34,47,10,,
RIDI,44,42,438,,
RIDI,44,38,200,,
RIDI,44,32,200,,
RIDI,44,42,50,,
RIDI,44,22,100,,
RHGCL,58,32,10,,
STC,55,26,20,,
RSDC,26,41,29,,
CZBIL,16,48,10,,
SGHC,55,4,10,,
NABIL,42,49,10,,
NABIL,4,49,30,,
NABIL,14,49,100,,
NABIL,57,49,10,,
PCBL,42,26,1000,,
BPCL,34,14,80,,
BPCL,32,14,10,,
BPCL,17,14,10,,
BPCL,29,14,50,,
BPCL,8,14,200,,
BPCL,6,14,150,,
BPCL,8,14,500,,
LBBL,45,42,237,,
PRVU,38,1,400,,
SICL,45,38,15,,
SICL,22,38,10,,
SICL,13,38,25,,
RADHI,57,22,17,,
RADHI,57,53,40,,
RADHI,57,1,43,,
PCBL,19,14,106,,
PCBL,54,14,50,,
PCBL,38,14,100,,
PCBL,52,14,20,,
PCBL,44,14,224,,
SHIVM,45,54,101,,
NYADI,38,19,10,,
SIFC,33,25,250,,
SIFC,42,25,200,,
CZBIL,6,25,50,,
SIFC,22,25,50,,
PPCL,53,33,26,,
SHIVM,47,54,20,,
SHIVM,34,54,50,,
SHIVM,37,54,50,,
RHGCL,58,58,10,,
IGI,58,49,20,,
MHL,39,49,10,,
GHL,34,54,50,,
RHGCL,8,36,10,,
ALBSL,38,7,10,,
LBBL,13,42,50,,
NRIC,25,41,80,,
HIDCL,38,21,20,,
SLBBL,41,35,10,,
PROFL,14,57,20,,
PROFL,19,57,50,,
NIFRA,55,39,50,,
UPCL,49,19,50,,
UPCL,35,19,110,,
AHPC,20,25,80,,
AHPC,25,25,20,,
AHPC,34,25,100,,
NRIC,51,41,20,,
RURU,8,42,10,,
SMATA,45,45,10,,
MLBSL,43,6,10,,
MFIL,34,38,75,,
NIBSF2,49,58,200,,
HHL,28,47,10,,
UPPER,28,56,90,,
NLIC,50,42,30,,
SANIMA,42,11,645,,
NLIC,41,42,10,,
AKPL,21,19,100,,
API,11,58,10,,
HIDCL,50,16,68,,
HIDCL,45,16,10,,
HIDCL,17,16,100,,
HIDCL,22,16,150,,
HIDCL,42,16,518,,
HIDCL,41,16,200,,
HIDCL,49,16,10,,
HIDCL,38,16,190,,
SIGS2,35,7,100,,
PPCL,21,33,75,,
PPCL,46,33,44,,
PPCL,42,33,105,,
SPC,39,56,120,,
EBL,17,32,45,,
EBL,5,32,30,,
EBL,5,32,30,,
EBL,42,32,500,,
EBL,57,32,100,,
EBL,34,32,25,,
EBL,38,32,100,,
EBL,57,32,20,,
EBL,5,32,30,,
SADBL,58,6,45,,
EBL,21,32,100,,
EBL,45,32,50,,
EBL,5,32,30,,
NICL,33,53,136,,
CFCL,49,7,200,,
NICL,34,33,20,,
NICA,33,3,50,,
RHPL,14,56,10,,
NICA,47,3,80,,
NHPC,55,39,100,,
NHPC,55,35,15,,
STC,20,52,20,,
PROFL,19,48,50,,
NHPC,56,7,26,,
NHPC,13,7,500,,
HDL,58,39,10,,
HDL,39,39,50,,
DORDI,22,45,100,,
NESDO,17,58,10,,
CBBL,4,42,69,,
RMDC,29,25,81,,
RMDC,33,25,20,,
RMDC,52,25,200,,
RMDC,26,25,50,,
DORDI,45,50,10,,
UPCL,4,35,200,,
UHEWA,45,35,10,,
UPCL,7,35,50,,
FOWAD,53,48,10,,
FOWAD,28,48,45,,
HDHPC,49,47,50,,
UPPER,17,13,10,,
CFCL,25,38,200,,
NLIC,42,22,20,,
KSBBL,40,14,200,,
SFCL,52,25,29,,
SFCL,28,25,200,,
SFCL,45,25,35,,
SFCL,51,25,120,,
RHGCL,58,49,10,,
RHPL,14,56,10,,
SAHAS,21,19,10,,
SRBL,54,57,108,,
NTC,28,33,10,,
ADBL,38,14,50,,
ADBL,45,14,20,,
ADBL,57,14,100,,
ADBL,25,14,30,,
ADBL,47,14,10,,
ADBL,11,14,33,,
CORBL,45,6,60,,
CORBL,45,52,40,,
RHGCL,58,22,10,,
BHL,57,37,20,,
SKBBL,49,57,10,,
RHGCL,58,11,10,,
MFLD85,50,13,10,,
NYADI,53,10,20,,
PFL,57,20,200,,
SRBL,35,58,200,,
RHGCL,58,17,10,,
ULBSL,34,58,10,,
NIFRA,51,39,10,,
HIDCL,38,29,14,,
HIDCL,45,29,50,,
HIDCL,58,29,10,,
HIDCL,25,29,140,,
HIDCL,33,29,100,,
HIDCL,52,29,50,,
AKPL,42,45,170,,
HIDCL,33,29,200,,
HIDCL,42,29,300,,
HIDCL,59,29,15,,
HIDCL,7,29,25,,
HIDCL,48,29,50,,
HIDCL,17,29,446,,
HIDCL,58,29,100,,
BPCL,8,35,74,,
HHL,28,59,54,,
HHL,50,59,120,,
HHL,13,59,20,,
HHL,48,59,180,,
HHL,50,59,10,,
HHL,45,59,50,,
RFPL,34,21,10,,
NTC,14,48,50,,
NTC,41,48,70,,
RADHI,49,10,30,,
RADHI,21,10,20,,
JBBL,39,29,59,,
NGPL,58,6,40,,
KSBBL,42,14,195,,
NLICL,35,6,50,,
MNBBL,38,48,30,,
RHGCL,58,16,10,,
NICLBSL,26,32,10,,
NIFRA,48,34,12,,
NIFRA,32,34,80,,
NIFRA,54,34,50,,
NIFRA,47,34,100,,
NIFRA,45,34,455,,
NIFRA,26,34,16,,
NIFRA,58,34,10,,
NIFRA,49,34,15,,
RHGCL,58,47,10,,
NIFRA,21,34,100,,
RIDI,34,45,500,,
NIFRA,1,34,1404,,
NLIC,41,42,10,,
SHINE,13,42,380,,
SHINE,13,47,200,,
SHINE,13,14,50,,
SHINE,13,43,90,,
HPPL,13,29,400,,
HPPL,8,29,100,,
SGHC,55,57,10,,
RHGCL,58,17,10,,
HDHPC,21,44,1095,,
HDHPC,45,44,1200,,
HDHPC,44,44,50,,
HDHPC,33,44,1200,,
HDHPC,59,44,500,,
HDHPC,25,44,30,,
HDHPC,56,44,20,,
HDHPC,57,44,650,,
HDHPC,41,44,200,,
HDHPC,42,44,55,,
HIDCLP,50,35,500,,
UPCL,7,56,10,,
UPCL,45,56,30,,
LBBL,45,57,470,,
AHPC,50,6,20,,
ADBL,11,52,467,,
ADBL,11,52,100,,
ADBL,35,52,433,,
SAHAS,49,46,10,,
NICA,47,49,20,,
NICA,14,49,50,,
MHNL,54,13,300,,
NIFRA,1,22,14,,
UHEWA,45,21,10,,
SJCL,48,32,100,,
NICLBSL,58,34,200,,
UPPER,28,43,353,,
UPPER,26,43,100,,
UPPER,49,43,10,,
UPPER,17,43,37,,
UPPER,54,43,400,,
HIDCL,34,35,500,,
RHGCL,58,45,10,,
RMDC,47,25,100,,
RMDC,43,25,30,,
RMDC,41,25,19,,
AKPL,42,26,520,,
SHIVM,49,35,50,,
PCBL,57,57,30,,
PRVU,38,10,169,,
PRVU,45,10,10,,
PRVU,28,10,50,,
PRVU,56,10,217,,
PRVU,41,10,50,,
PRVU,58,10,30,,
PRVU,51,10,560,,
PRVU,19,10,64,,
SANIMA,58,11,16,,
SANIMA,58,32,11,,
UHEWA,45,47,10,,
GVL,25,56,10,,
KBL,11,21,106,,
DDBL,19,46,10,,
RIDI,26,45,100,,
RHGCL,58,48,10,,
SBL,57,58,30,,
GBBL,53,16,974,,
GBBL,55,16,500,,
GBBL,45,16,100,,
GBBL,42,16,100,,
GBBL,43,16,101,,
GBBL,35,16,100,,
GBBL,50,16,1000,,
GBBL,4,16,200,,
BHL,57,35,10,,
BHL,57,49,10,,
GBBL,11,16,100,,
BHL,57,13,20,,
GBBL,55,16,100,,
BHL,57,57,10,,
GBBL,58,16,50,,
BHL,57,41,10,,
GBBL,48,16,100,,
GBBL,58,16,200,,
GBBL,49,16,50,,
GBBL,44,16,10,,
GBBL,37,16,200,,
GBBL,57,16,20,,
GBBL,57,16,20,,
GBBL,20,16,100,,
GBBL,28,16,100,,
GBBL,25,16,25,,
GBBL,48,16,30,,
GBBL,41,16,12,,
GBBL,14,16,50,,
GBBL,28,16,90,,
GBBL,6,16,100,,
GBBL,57,16,20,,
GBBL,49,16,10,,
GBBL,14,16,100,,
GBBL,49,16,100,,
GBBL,55,16,100,,
GBBL,42,16,13,,
GBBL,42,16,25,,
GLBSL,58,19,18,,
GLBSL,6,19,50,,
GLBSL,1,19,80,,
GLBSL,53,19,50,,
USHEC,40,50,10,,
RHGCL,58,51,10,,
JBBL,52,29,100,,
JBBL,34,29,20,,
JBBL,25,29,171,,
JBBL,59,29,50,,
API,25,42,500,,
UPPER,17,37,361,,
ICFC,49,29,200,,
JBBL,52,28,100,,
NRN,8,38,10,,
NMBMF,58,22,20,,
GVL,25,21,10,,
SRBL,35,44,100,,
MBL,41,13,40,,
MBL,41,35,10,,
BPCL,7,52,20,,
SHPC,8,26,500,,
SHPC,8,34,10,,
SHPC,8,10,40,,
SHIVM,7,21,10,,
SHIVM,8,21,20,,
SHIVM,6,21,20,,
SHIVM,57,21,20,,
SHIVM,29,21,30,,
JBLB,42,56,10,,
MBJC,6,47,10,,
RHGCL,58,17,10,,
BPCL,17,52,10,,
MNBBL,38,41,100,,
SHIVM,29,57,70,,
SHIVM,14,57,10,,
SHIVM,32,57,70,,
EDBL,33,42,51,,
CHCL,57,19,80,,
EDBL,33,48,20,,
UNHPL,17,58,103,,
UNHPL,58,58,12,,
UNHPL,58,58,85,,
GVL,25,17,10,,
RIDI,32,45,400,,
RIDI,32,34,100,,
DHPL,29,11,450,,
RHGCL,58,58,10,,
MHNL,34,5,950,,
CHDC,59,16,45,,
CBBL,4,18,31,,
CBBL,58,18,19,,
SHIVM,32,37,130,,
SHIVM,22,37,10,,
SHIVM,17,37,100,,
SHIVM,46,37,20,,
SHIVM,45,37,10,,
SHIVM,36,37,100,,
SHIVM,49,37,20,,
SHIVM,53,37,20,,
SHIVM,50,37,10,,
SHIVM,43,37,50,,
SHIVM,17,37,10,,
SAHAS,49,17,172,,
RMDC,41,34,31,,
SRBL,47,57,200,,
SAHAS,6,17,18,,
RMDC,32,34,69,,
SAHAS,58,17,10,,
USHEC,57,22,10,,
USHEC,57,13,10,,
LBBL,57,57,30,,
USHEC,57,56,10,,
RIDI,58,45,452,,
RLFL,6,45,50,,
RHGCL,58,45,10,,
RIDI,44,45,48,,
NBF3,38,34,100,,
RULB,17,36,10,,
KPCL,16,28,20,,
SMFDB,16,56,50,,
SMFDB,55,56,25,,
NTC,41,42,30,,
GVL,25,58,10,,
FOWAD,28,28,22,,
FOWAD,29,28,10,,
FOWAD,39,28,10,,
HDHPC,51,47,13,,
JBLB,26,58,13,,
LBL,52,58,100,,
MFIL,50,51,50,,
RHGCL,58,21,10,,
RHGCL,58,8,10,,
AKPL,42,46,150,,
KKHC,38,38,20,,
KKHC,38,38,10,,
KKHC,38,45,30,,
UPCL,57,17,500,,
MHL,39,10,10,,
SGHC,55,41,10,,
AHPC,58,38,50,,
API,41,25,102,,
HDHPC,57,47,100,,
HDHPC,52,47,200,,
PICL,42,57,28,,
SHINE,7,43,10,,
MHNL,34,56,50,,
RIDI,44,29,166,,
RIDI,25,29,20,,
UNHPL,58,32,20,,
NHPC,28,35,80,,
SLBBL,13,42,50,,
NLIC,10,44,20,,
SJCL,48,32,100,,
HIDCL,17,21,20,,
SPDL,6,20,400,,
HEI,49,32,1000,,
HDHPC,58,21,40,,
SINDU,48,29,100,,
NABIL,22,19,5,,
NABIL,22,28,25,,
NABIL,49,28,50,,
NABIL,21,28,42,,
NABIL,6,28,83,,
API,51,38,20,,
JBBL,39,43,50,,
NLIC,32,44,40,,
NLIC,32,6,60,,
LBBL,49,5,10,,
LBBL,49,5,70,,
AKJCL,28,45,20,,
ICFC,16,25,20,,
UHEWA,8,49,10,,
AKJCL,28,42,10,,
CIT,57,19,10,,
CIT,58,19,10,,
UPCL,57,35,500,,
NICA,1,49,150,,
NICA,39,49,50,,
NICA,42,49,100,,
NICA,19,49,50,,
NICA,52,49,110,,
NICA,1,49,20,,
NICA,45,49,20,,
BHL,57,51,10,,
SHINE,21,14,40,,
UPPER,17,43,102,,
UPPER,45,43,100,,
GVL,25,58,10,,
UPPER,28,43,18,,
UPPER,33,43,100,,
UPPER,45,43,20,,
UPPER,57,43,150,,
UPPER,16,43,10,,
NTC,43,51,10,,
NRIC,36,46,40,,
RLFL,36,29,30,,
GILB,49,45,15,,
NLG,6,17,37,,
IGI,51,49,20,,
AKPL,42,42,151,,
SHIVM,17,21,40,,
SHIVM,17,21,10,,
SHIVM,49,21,50,,
PCBL,58,57,10,,
RHGCL,58,48,10,,
SHIVM,41,54,20,,
UMHL,32,7,100,,
CHDC,22,16,95,,
MLBL,52,43,20,,
PCBL,35,57,100,,
LICN,25,45,10,,
SRBL,46,57,110,,
SRBL,45,57,182,,
AKPL,32,5,360,,
AKPL,42,5,132,,
NIFRA,58,39,100,,
RIDI,44,47,135,,
NHDL,50,45,360,,
NHDL,45,45,70,,
NHDL,51,45,70,,
SHL,55,58,500,,
UHEWA,8,52,10,,
UPCL,58,35,200,,
NHPC,28,48,621,,
NHPC,38,48,10,,
NHPC,53,48,119,,
RHGCL,28,4,10,,
RHGCL,28,34,10,,
RIDI,44,48,35,,
RIDI,44,34,100,,
RIDI,44,19,16,,
UMRH,57,29,37,,
RIDI,50,19,1284,,
RIDI,50,34,130,,
RIDI,50,35,186,,
RIDI,50,42,400,,
MNBBL,38,51,100,,
RIDI,26,42,100,,
CHDC,59,16,450,,
CHDC,41,16,50,,
RLFL,52,29,100,,
DDBL,49,13,20,,
RHGCL,1,38,10,,
NYADI,53,58,30,,
GUFL,28,29,10,,
NYADI,53,7,50,,
SHL,55,58,200,,
SHL,55,39,300,,
API,41,14,175,,
API,58,14,100,,
API,45,14,12,,
API,49,14,140,,
API,44,14,64,,
API,54,14,100,,
HIDCL,17,39,34,,
HIDCL,41,39,18,,
HIDCL,58,39,10,,
NIFRA,22,39,50,,
GBBL,42,16,87,,
GBBL,57,16,20,,
GBBL,51,16,50,,
GBBL,34,16,100,,
GBBL,38,16,50,,
GBBL,47,16,100,,
GBBL,50,16,185,,
AHPC,25,6,55,,
GBBL,51,16,50,,
AHPC,25,36,445,,
GBBL,21,16,100,,
GBBL,42,16,258,,
JBBL,38,43,50,,
MBJC,6,34,10,,
SGHC,55,57,30,,
AHPC,18,36,500,,
SKBBL,6,14,500,,
AHPC,34,36,25,,
AHPC,17,36,30,,
SKBBL,47,14,25,,
AKPL,42,45,100,,
MKLB,35,56,10,,
MKLB,39,56,10,,
MSLB,57,35,11,,
MSLB,35,35,10,,
RIDI,36,35,50,,
MLBL,10,25,33,,
RFPL,34,19,10,,
SSHL,48,58,50,,
CZBIL,52,48,50,,
RHGCL,53,58,10,,
RHGCL,53,28,10,,
RHGCL,53,58,10,,
RHGCL,53,1,10,,
NTC,43,22,90,,
NABBC,51,41,10,,
KSBBL,49,14,100,,
UHEWA,40,45,100,,
UHEWA,57,45,100,,
UHEWA,14,45,100,,
UHEWA,14,45,20,,
UHEWA,40,45,60,,
RHGCL,58,38,10,,
MBJC,35,25,10,,
RHGCL,8,41,10,,
UPCL,41,35,20,,
UPCL,50,35,500,,
GUFL,48,45,100,,
RHGCL,58,58,10,,
RHGCL,58,36,10,,
UHEWA,40,58,30,,
EDBL,57,49,50,,
EDBL,57,48,30,,
EDBL,57,10,50,,
CZBIL,33,42,100,,
HHL,33,39,10,,
MHL,39,7,30,,
MHL,58,7,10,,
BHL,57,38,10,,
RHGCL,58,16,10,,
GMFIL,36,57,20,,
GMFIL,36,57,200,,
GMFIL,54,57,30,,
GILB,8,49,50,,
GILB,41,49,10,,
GILB,17,49,50,,
GILB,34,49,20,,
GILB,58,49,10,,
BHL,57,57,10,,
SAPDBL,54,59,500,,
NUBL,6,16,100,,
HDL,19,59,20,,
PROFL,49,7,10,,
NABIL,43,6,19,,
NABIL,26,6,71,,
NABIL,38,6,10,,
SRBL,45,35,18,,
NRIC,6,25,340,,
NRIC,47,25,100,,
NRIC,51,25,150,,
NRIC,38,25,10,,
NRN,8,37,10,,
HEI,56,8,221,,
API,28,57,14,,
API,28,58,25,,
RHGCL,58,45,10,,
AKPL,41,5,460,,
AKPL,41,5,500,,
AKPL,41,5,40,,
UPCL,50,22,500,,
ADBL,4,14,100,,
ICFC,42,25,42,,
USHEC,40,10,100,,
USHEC,17,10,100,,
SINDU,1,29,75,,
AHPC,17,16,10,,
RLFL,59,29,210,,
RLFL,59,53,90,,
UHEWA,40,4,10,,
DDBL,22,13,10,,
DDBL,32,13,90,,
DDBL,45,13,10,,
DDBL,45,13,10,,
NTC,59,22,10,,
JOSHI,54,8,20,,
UPCL,51,35,50,,
NHPC,53,48,32,,
SHINE,32,39,21,,
SHINE,38,39,10,,
SHINE,45,39,50,,
HDL,38,39,10,,
SHINE,34,39,19,,
BFC,32,32,378,,
NBL,16,55,20,,
RIDI,58,35,10,,
RIDI,58,42,240,,
JBBL,56,43,275,,
LICN,59,45,35,,
LICN,39,45,10,,
LICN,20,45,20,,
LICN,5,45,10,,
LICN,48,45,10,,
LICN,48,45,10,,
LICN,57,45,30,,
LICN,19,45,20,,
LICN,26,45,50,,
SKBBL,6,10,200,,
SKBBL,6,26,300,,
NUBL,6,16,35,,
NUBL,25,16,10,,
CHDC,33,16,200,,
CHDC,49,16,25,,
CHDC,17,16,10,,
CHDC,48,16,20,,
CHDC,56,16,1000,,
CHDC,32,16,500,,
CHDC,42,16,30,,
CHDC,17,16,10,,
CHDC,58,16,10,,
USHEC,17,19,10,,
RHGCL,58,28,10,,
MEN,6,32,50,,
HIDCL,26,6,45,,
MEN,59,32,40,,
GBBL,42,43,42,,
GBBL,7,43,58,,
RHGCL,58,4,10,,
RHGCL,58,46,10,,
RHGCL,58,45,10,,
MPFL,16,17,290,,
MHL,58,4,10,,
GUFL,58,32,20,,
BHDC,50,49,10,,
API,55,58,50,,
JBLB,46,26,10,,
JBLB,42,26,10,,
USHEC,17,58,10,,
RULB,34,18,10,,
RHGCL,55,38,10,,
NABIL,49,6,50,,
NHPC,53,48,280,,
NHPC,32,48,200,,
NHPC,16,48,20,,
LBL,57,58,20,,
HDHPC,5,48,39,,
AKPL,41,32,60,,
KSBBL,43,14,100,,
HEI,21,49,14,,
AKJCL,28,42,150,,
SFCL,56,57,60,,
SFCL,29,57,10,,
HPPL,5,14,50,,
SGHC,55,58,10,,
NABIL,26,40,29,,
NABIL,25,40,30,,
NABIL,55,40,10,,
NABIL,49,40,10,,
PROFL,19,46,200,,
NLG,35,17,100,,
UMHL,32,6,100,,
CBBL,50,34,10,,
RLFL,35,53,500,,
RLFL,29,53,300,,
RLFL,29,53,100,,
RLFL,52,53,10,,
GBBL,39,16,200,,
UMRH,20,29,469,,
UMRH,20,29,100,,
UMRH,42,29,45,,
UMRH,45,29,200,,
UMRH,57,29,450,,
UMRH,6,29,70,,
NABIL,22,19,20,,
UMRH,13,29,10,,
NABIL,38,19,50,,
UMRH,13,29,156,,
NABIL,58,19,115,,
NABIL,25,19,20,,
NABIL,16,19,50,,
RHGCL,19,38,10,,
NGPL,4,19,220,,
NGPL,4,35,190,,
RIDI,58,42,60,,
NICA,52,48,20,,
BARUN,4,43,500,,
RIDI,34,39,46,,
LICN,58,28,50,,
SFCL,29,42,190,,
SFCL,44,42,110,,
USHEC,17,21,10,,
RHGCL,19,58,10,,
HDL,26,48,10,,
KSBBL,58,14,100,,
KSBBL,58,14,10,,
KSBBL,41,14,25,,
KSBBL,40,14,100,,
KSBBL,22,14,100,,
KSBBL,38,14,100,,
KSBBL,53,14,726,,
KSBBL,45,14,300,,
GVL,42,16,10,,
EBL,58,34,53,,
NMFBS,26,57,10,,
RHGCL,19,45,10,,
UPCL,51,33,100,,
RHGCL,19,45,10,,
RHGCL,19,4,10,,
RHGCL,41,8,10,,
HIDCL,35,52,45,,
RIDI,58,57,465,,
MHL,56,56,10,,
RHGCL,41,58,10,,
RHGCL,41,22,10,,
STC,36,57,10,,
SHPC,58,5,10,,
GIMES1,29,39,1000,,
CIT,58,6,10,,
CIT,29,6,10,,
CIT,17,6,20,,
SANIMA,42,32,23,,
SANIMA,42,8,27,,
NICL,38,13,30,,
SHPC,49,10,60,,
RHGCL,14,49,10,,
UMHL,45,38,100,,
RHGCL,14,38,10,,
RHGCL,14,58,10,,
HEI,17,8,15,,
HEI,50,8,127,,
HEI,41,49,10,,
HEI,58,49,11,,
PCBL,44,57,20,,
PMHPL,6,48,10,,
CZBIL,51,48,570,,
BHDC,50,56,10,,
NESDO,28,32,10,,
RHGCL,14,57,10,,
JALPA,47,10,25,,
ALICL,43,57,150,,
HDL,26,48,22,,
HDL,45,48,10,,
HDL,59,48,10,,
AHPC,49,6,100,,
LICN,29,28,43,,
SBL,42,45,50,,
RHGCL,14,59,10,,
NICL,22,45,30,,
RHGCL,14,22,10,,
SPDL,38,52,200,,
RLFL,52,58,70,,
RLFL,52,56,30,,
NBL,39,58,20,,
RIDI,34,39,454,,
RIDI,34,36,900,,
RIDI,34,22,100,,
RIDI,34,42,500,,
RIDI,34,57,46,,
AKPL,41,42,400,,
PSF,10,51,4800,,
NIFRA,58,39,220,,
NBL,51,55,40,,
RHGCL,14,38,10,,
NABIL,38,55,50,,
API,44,56,396,,
API,44,56,40,,
RHPL,14,58,50,,
PICL,42,41,49,,
PICL,33,41,100,,
PICL,59,41,31,,
RHGCL,14,34,10,,
NLIC,21,43,17,,
SPDL,6,52,100,,
SPDL,57,52,50,,
MNBBL,16,57,515,,
MNBBL,44,57,435,,
NIBLPF,49,37,1515,,
NLIC,21,49,56,,
PFL,28,52,10,,
SHPC,45,10,40,,
NUBL,42,16,11,,
NUBL,32,16,44,,
RHGCL,14,48,10,,
AKPL,35,42,20,,
RHGCL,14,58,10,,
SHIVM,17,58,300,,
LICN,57,45,119,,
NESDO,28,18,10,,
NABIL,38,1,30,,
NRIC,6,21,100,,
BHL,57,6,10,,
RIDI,47,1,40,,
RIDI,47,17,110,,
ALICL,42,57,100,,
RIDI,58,51,200,,
RHGCL,14,38,10,,
NABIL,35,6,50,,
JALPA,51,10,10,,
JBBL,34,58,100,,
HIDCL,38,52,55,,
HIDCL,38,35,12,,
HIDCL,38,51,133,,
NABIL,38,19,14,,
NABIL,51,19,20,,
NABIL,25,19,46,,
BPCL,28,13,56,,
JFL,28,8,10,,
NABIL,4,6,100,,
KPCL,16,8,11,,
SINDU,48,29,10,,
NHPC,28,34,25,,
NBL,39,45,12,,
HDL,38,38,10,,
HDL,21,38,10,,
HDL,54,38,10,,
HDL,45,38,15,,
RHGCL,54,38,10,,
RLFL,52,58,10,,
RHGCL,42,4,10,,
RHGCL,32,4,582,,
HIDCL,58,58,40,,
HHL,48,17,10,,
NRIC,6,13,100,,
NTC,14,58,31,,
NHDL,45,45,30,,
NHDL,32,45,100,,
GBBL,4,16,130,,
UNHPL,57,32,160,,
UNHPL,57,7,840,,
SHINE,7,14,10,,
NLICL,35,57,500,,
SHIVM,17,42,500,,
SGHC,55,58,20,,
NTC,57,58,2000,,
MDB,16,41,194,,
GHL,33,47,265,,
RHGCL,32,8,10,,
GHL,43,47,190,,
GHL,35,47,50,,
GHL,40,47,100,,
SHPC,21,10,20,,
CHCL,34,44,185,,
NABIL,32,6,10,,
GRDBL,38,58,24,,
GRDBL,58,58,76,,
HEI,22,49,15,,
CZBIL,57,48,337,,
KPCL,53,56,500,,
RHGCL,58,56,10,,
RHGCL,58,58,10,,
RHGCL,58,1,10,,
RHGCL,58,45,10,,
RHGCL,58,44,10,,
RHGCL,58,50,10,,
RHGCL,58,58,10,,
SGHC,49,29,10,,
RHGCL,58,57,10,,
RHGCL,58,58,10,,
RHGCL,58,58,10,,
PCBL,34,48,20,,
NESDO,28,36,10,,
JFL,47,8,50,,
JFL,7,8,20,,
JFL,38,8,64,,
IGI,42,49,20,,
SHIVM,17,33,320,,
BHDC,22,47,10,,
BHDC,22,34,90,,
BHDC,34,34,20,,
BHDC,34,34,40,,
NIFRA,57,43,50,,
SHIVM,17,43,80,,
NHPC,28,48,718,,
NHPC,43,48,130,,
NHPC,57,48,10,,
NHPC,51,48,20,,
NHPC,28,48,100,,
NHPC,4,48,22,,
SHIVM,49,54,38,,
SHIVM,49,20,12,,
SHIVM,49,34,50,,
RHGCL,8,35,10,,
NLICL,35,40,50,,
KSBBL,53,29,74,,
KSBBL,54,29,200,,
KSBBL,57,29,140,,
KSBBL,22,29,12,,
KSBBL,44,29,50,,
KSBBL,34,29,10,,
KSBBL,16,29,14,,
NFS,35,44,20,,
AHPC,17,16,10,,
RHGCL,8,17,10,,
KBL,11,3,100,,
NMFBS,26,7,49,,
NMFBS,42,7,20,,
NMFBS,36,7,11,,
MEN,49,32,50,,
MEN,28,32,10,,
SANIMA,52,13,100,,
LICN,25,45,10,,
HDHPC,58,48,300,,
NICA,14,49,500,,
API,22,56,960,,
RIDI,38,17,200,,
FOWAD,39,51,30,,
RHGCL,19,53,10,,
RHGCL,19,58,10,,
RHGCL,19,4,10,,
NESDO,28,28,100,,
JALPA,3,18,10,,
USHEC,17,58,50,,
USHEC,4,58,50,,
SHIVM,17,42,1000,,
SPDL,10,29,100,,
RHGCL,8,38,10,,
NABIL,25,35,54,,
NHDL,55,45,47,,
NHDL,50,45,53,,
RHGCL,8,8,10,,
GUFL,28,32,10,,
SAPDBL,55,52,50,,
HDHPC,33,48,200,,
ADBL,58,14,10,,
LBBL,57,45,20,,
UPCL,51,22,50,,
NCCB,21,10,637,,
NCCB,21,6,540,,
NCCB,21,41,1000,,
AKPL,21,42,50,,
AKPL,21,52,150,,
NCCB,21,57,840,,
CFCL,49,16,54,,
CFCL,58,16,20,,
CFCL,1,16,25,,
CFCL,49,16,35,,
CFCL,19,16,100,,
CFCL,46,16,36,,
CFCL,44,16,25,,
CFCL,45,16,100,,
CFCL,50,16,300,,
UIC,32,5,10,,
UIC,13,5,50,,
UIC,58,5,340,,
UIC,10,5,100,,
HIDCL,45,51,55,,
GBLBS,45,36,10,,
RHGCL,8,21,10,,
SHL,32,58,100,,
HIDCL,41,58,50,,
UPCL,36,22,250,,
SMFDB,55,22,85,,
DORDI,14,38,10,,
NMFBS,56,7,10,,
NMFBS,49,7,10,,
NMFBS,34,7,100,,
SKBBL,58,14,11,,
SKBBL,41,14,100,,
SKBBL,53,14,25,,
SKBBL,6,14,404,,
SKBBL,26,14,50,,
SKBBL,55,14,10,,
RADHI,45,1,157,,
RADHI,45,52,15,,
RADHI,45,14,28,,
NTC,57,58,2000,,
RHGCL,8,53,10,,
NICA,14,49,500,,
RHGCL,8,28,10,,
SHIVM,17,57,2000,,
SADBL,48,26,950,,
SADBL,10,26,50,,
API,55,58,25,,
RHGCL,32,29,10,,
CORBL,58,42,35,,
SRBL,35,42,400,,
CORBL,49,42,15,,
RHGCL,32,38,10,,
GUFL,34,45,75,,
RHGCL,32,16,10,,
UPCL,38,22,200,,
SADBL,10,41,20,,
CFCL,25,56,30,,
CFCL,25,43,195,,
AHPC,52,6,20,,
UPPER,29,56,500,,
LBBL,49,13,200,,
RHGCL,32,58,10,,
PFL,50,49,50,,
BPCL,41,13,44,,
PRVU,4,45,78,,
PRVU,4,59,222,,
RIDI,59,17,200,,
RHGCL,32,17,10,,
AKJCL,28,28,40,,
HIDCL,52,51,26,,
NRIC,6,25,394,,
NRIC,46,25,30,,
NRIC,21,25,100,,
NRIC,49,25,10,,
NRIC,21,25,10,,
NRIC,22,25,10,,
NRIC,35,25,36,,
NRIC,49,25,10,,
UHEWA,40,43,10,,
CZBIL,42,48,75,,
HIDCL,52,32,14,,
HIDCL,16,32,30,,
HIDCL,58,32,206,,
HDHPC,58,48,161,,
HDHPC,58,47,100,,
HDHPC,58,10,239,,
HHL,48,8,10,,
PRVU,13,59,100,,
GBBL,7,36,22,,
GBBL,11,36,100,,
GBBL,11,36,100,,
GBBL,6,36,100,,
GBBL,40,36,200,,
GBBL,32,36,20,,
GBBL,35,36,77,,
GBBL,57,36,50,,
GBBL,58,36,100,,
GBBL,44,36,100,,
GBBL,41,36,10,,
GBBL,59,36,20,,
GBBL,33,36,100,,
NHPC,13,38,250,,
GBBL,37,36,100,,
GBBL,49,36,46,,
GBBL,41,36,15,,
LICN,26,28,50,,
MNBBL,44,29,565,,
MNBBL,25,29,30,,
MNBBL,51,29,50,,
MNBBL,3,29,20,,
MNBBL,11,29,15,,
MNBBL,45,29,50,,
MNBBL,11,29,20,,
MNBBL,49,29,50,,
MNBBL,35,29,200,,
ICFC,28,25,10,,
JBBL,32,47,15,,
SADBL,36,41,50,,
KMCDB,25,57,25,,
KMCDB,19,57,10,,
KMCDB,7,57,12,,
HDHPC,4,10,161,,
HDHPC,5,10,100,,
GBLBS,45,36,20,,
RHGCL,58,16,10,,
HEI,58,57,10,,
SHINE,34,47,300,,
NGPL,58,35,30,,
NGPL,22,35,50,,
NGPL,53,35,230,,
HIDCL,45,46,50,,
NRIC,57,10,20,,
RHGCL,41,53,10,,
RHGCL,41,58,10,,
RHGCL,41,58,10,,
LLBS,45,45,15,,
NIFRA,38,43,36,,
NIFRA,38,46,50,,
NIFRA,38,45,40,,
NIFRA,38,19,10,,
NIFRA,38,22,64,,
MHL,58,58,20,,
NLIC,32,49,124,,
GUFL,22,45,25,,
NGPL,53,33,100,,
UHEWA,40,4,10,,
HHL,19,21,10,,
SCB,41,25,140,,
SCB,50,25,300,,
SCB,6,25,10,,
SCB,32,25,50,,
HURJA,51,57,60,,
HURJA,32,57,10,,
AHPC,17,6,100,,
NLICL,34,40,45,,
BPCL,49,52,100,,
RHGCL,13,38,10,,
RHGCL,13,16,10,,
UHEWA,40,58,10,,
RHGCL,13,17,10,,
AKJCL,28,45,20,,
HDHPC,38,47,50,,
RHGCL,13,49,10,,
GFCL,28,56,10,,
UPPER,35,14,50,,
FOWAD,45,58,60,,
SRBL,35,6,312,,
NTC,14,58,100,,
RHGCL,32,43,358,,
RHGCL,34,43,100,,
RIDI,44,17,100,,
RHGCL,42,43,142,,
HHL,45,8,10,,
NCCB,17,32,432,,
NCCB,45,32,500,,
NCCB,46,32,489,,
KBL,4,45,20,,
RHGCL,42,45,10,,
NTC,58,21,30,,
NABIL,57,6,50,,
SABSL,57,42,50,,
SWBBL,58,14,40,,
SWBBL,26,14,20,,
SWBBL,25,14,40,,
NFS,35,55,70,,
NRIC,35,25,464,,
NRIC,41,25,113,,
NRIC,33,25,10,,
NRIC,56,25,20,,
RHGCL,42,49,10,,
SRBL,43,6,688,,
SRBL,43,43,180,,
SRBL,43,38,132,,
NICA,52,48,70,,
NICA,38,48,100,,
NICA,1,48,20,,
NICA,16,48,50,,
NICA,59,48,100,,
MLBS,45,58,10,,
RHGCL,42,47,10,,
RULB,58,18,10,,
GFCL,11,14,100,,
PCBL,56,57,10,,
PCBL,56,32,100,,
PFL,50,38,57,,
PFL,42,38,143,,
NLG,57,17,29,,
AKJCL,28,42,255,,
HDHPC,58,47,50,,
RHGCL,42,16,10,,
HHL,45,17,10,,
MPFL,16,45,50,,
RADHI,53,45,450,,
RADHI,53,22,50,,
RADHI,53,25,26,,
RADHI,53,34,10,,
RADHI,53,34,109,,
RADHI,53,34,109,,
RADHI,53,34,461,,
RADHI,53,34,218,,
RADHI,53,34,109,,
RADHI,53,34,94,,
RADHI,53,34,459,,
RADHI,53,34,44,,
RADHI,53,34,53,,
RADHI,53,34,57,,
RADHI,53,34,65,,
RADHI,53,34,171,,
MLBL,38,45,100,,
CHDC,42,16,42,,
CHDC,21,16,30,,
CHDC,51,16,30,,
CHDC,8,16,100,,
RFPL,29,58,10,,
SGHC,51,58,50,,
SGHC,55,58,30,,
EBL,44,34,500,,
EBL,49,34,75,,
EBL,32,34,500,,
EBL,5,34,30,,
EBL,34,34,100,,
EBL,5,34,30,,
EBL,6,34,50,,
EBL,4,34,20,,
EBL,45,34,100,,
EBL,45,34,20,,
EBL,59,34,15,,
EBL,19,34,60,,
NIFRA,1,40,74,,
NIFRA,38,40,100,,
NIFRA,47,40,46,,
NIFRA,28,40,20,,
MLBL,44,14,45,,
MLBL,8,14,50,,
MLBL,1,14,135,,
GIMES1,29,39,525,,
GIMES1,38,39,1000,,
CIT,10,29,50,,
GIMES1,28,39,1275,,
LEC,32,38,20,,
LEC,32,58,200,,
NTC,58,45,10,,
SGHC,55,8,10,,
NABIL,25,19,100,,
RHGCL,21,16,10,,
CIT,49,43,34,,
CIT,57,43,10,,
CIT,53,43,10,,
CIT,38,43,20,,
JOSHI,41,43,50,,
CIT,34,43,10,,
JOSHI,51,43,100,,
CIT,56,43,16,,
JOSHI,4,43,50,,
ADBL,35,58,111,,
ADBL,29,58,15,,
EBL,19,40,20,,
EBL,16,40,20,,
EBL,49,40,50,,
SRBL,45,38,30,,
MSLB,35,10,50,,
RHGCL,42,4,10,,
AHPC,17,7,34,,
LICN,57,28,150,,
AKPL,41,51,31,,
AKPL,4,51,50,,
AKPL,19,51,213,,
SGHC,55,45,10,,
NIFRA,29,21,3,,
NIFRA,29,26,500,,
NIFRA,29,20,54,,
NIFRA,29,45,54,,
NIFRA,29,22,110,,
NIFRA,29,42,90,,
NIFRA,29,6,189,,
NRIC,35,10,20,,
HHL,19,39,10,,
RHGCL,26,28,10,,
PCBL,56,57,28,,
PCBL,56,57,100,,
PCBL,56,25,372,,
RHGCL,6,16,10,,
RHGCL,6,49,10,,
MBJC,16,38,10,,
HHL,19,8,10,,
SGHC,55,17,10,,
JALPA,47,26,30,,
CHDC,28,16,50,,
CHDC,26,16,200,,
CHDC,34,16,200,,
CHDC,16,16,80,,
CHDC,28,16,50,,
CHDC,7,16,100,,
CHDC,52,16,10,,
MLBL,38,45,100,,
MLBL,3,45,65,,
SHIVM,17,56,200,,
RHGCL,26,53,10,,
HDHPC,35,58,33,,
RSDC,26,45,10,,
NTC,58,38,200,,
DHPL,50,42,10,,
DORDI,14,6,10,,
NLIC,59,42,100,,
NRN,8,34,50,,
RADHI,57,51,28,,
FOWAD,45,22,30,,
DORDI,14,38,10,,
LICN,25,45,10,,
NRN,42,38,10,,
CFCL,32,10,45,,
CFCL,58,10,154,,
CFCL,6,10,300,,
AKPL,43,52,50,,
RIDI,45,17,190,,
RHGCL,48,49,90,,
HHL,50,39,10,,
RADHI,58,35,20,,
RADHI,45,35,230,,
NIFRA,45,6,11,,
NIFRA,45,22,54,,
NIFRA,45,13,20,,
NIFRA,45,16,15,,
NTC,17,58,50,,
HIDCL,45,19,500,,
SINDU,4,29,100,,
SINDU,44,29,50,,
SINDU,21,29,1000,,
SINDU,42,29,20,,
SINDU,32,29,100,,
SINDU,3,29,50,,
SINDU,58,29,210,,
SINDU,20,29,300,,
AHPC,49,7,100,,
USHEC,17,59,10,,
PRVU,45,59,178,,
HHL,50,8,10,,
SAHAS,1,58,10,,
NTC,25,58,10,,
DORDI,53,57,10,,
JFL,38,8,40,,
JFL,25,8,60,,
PCBL,44,25,10,,
RHGCL,48,16,10,,
NTC,44,58,40,,
USHEC,17,49,10,,
NRIC,34,10,100,,
SGHC,55,29,20,,
SHEL,22,38,75,,
NLG,25,17,25,,
CGH,26,10,30,,
NMB50,10,45,962,,
RFPL,29,17,10,,
RHGCL,19,47,10,,
RHGCL,19,35,10,,
API,4,56,200,,
GIMES1,28,33,725,,
CGH,54,33,30,,
CGH,26,33,20,,
CGH,26,33,10,,
GHL,40,13,200,,
HHL,50,39,10,,
PFL,42,43,100,,
MBJC,16,58,10,,
UPPER,58,33,200,,
AKJCL,28,43,125,,
SHIVM,17,53,255,,
SHIVM,6,53,50,,
SHIVM,45,53,45,,
NMB,4,13,22,,
NMB,21,13,20,,
NMB,5,13,10,,
NMB,37,13,200,,
NMB,33,13,73,,
JBLB,32,32,10,,
AHPC,47,7,50,,
AHPC,22,7,50,,
AHPC,42,7,250,,
AHPC,49,7,16,,
NHPC,54,48,50,,
RHGCL,26,47,10,,
OHL,34,26,200,,
SWMF,49,44,30,,
LICN,1,52,20,,
LICN,6,52,40,,
LICN,43,52,20,,
LICN,6,52,10,,
AKPL,43,45,65,,
RHGCL,26,8,10,,
KRBL,49,34,25,,
KRBL,49,28,84,,
JFL,25,13,90,,
JFL,38,13,10,,
SANIMA,32,8,23,,
SANIMA,32,58,17,,
RHGCL,26,58,10,,
BFC,4,42,50,,
BFC,54,42,20,,
BFC,13,42,300,,
BFC,58,42,30,,
HHL,50,39,10,,
PRVU,45,19,22,,
RHGCL,42,32,10,,
RHPL,13,48,20,,
SHPC,43,29,100,,
LEC,34,42,200,,
SRBL,21,38,500,,
EDBL,22,18,10,,
EDBL,6,18,100,,
EDBL,48,18,80,,
EDBL,43,18,100,,
EDBL,57,18,200,,
EDBL,57,18,300,,
EDBL,17,18,10,,
UHEWA,40,16,10,,
HIDCL,58,58,200,,
FMDBL,43,56,40,,
PFL,42,38,68,,
PFL,1,38,32,,
RHGCL,42,49,10,,
MSLB,35,39,40,,
AKJCL,28,6,2220,,
AKJCL,53,6,280,,
NMB,33,57,200,,
NMB,33,35,100,,
NMB,33,44,917,,
NMB,33,26,710,,
ICFC,16,22,10,,
ICFC,32,22,20,,
ICFC,41,22,10,,
NRIC,41,10,117,,
PCBL,44,33,50,,
HHL,50,8,10,,
KRBL,38,10,91,,
KRBL,41,10,200,,
KRBL,22,10,109,,
AKJCL,53,16,200,,
BHL,57,58,10,,
RHGCL,42,38,10,,
NMB50,39,45,300,,
NMB,47,26,200,,
NMB,33,26,242,,
HIDCL,58,49,203,,
HIDCL,58,58,25,,
HIDCL,58,8,60,,
SGHC,55,4,10,,
NBL,59,48,50,,
CHL,57,16,10,,
HHL,50,39,10,,
RHGCL,42,16,10,,
SANIMA,54,13,128,,
NCCB,46,17,41,,
AKPL,7,45,10,,
JBLB,32,32,10,,
NABIL,19,32,21,,
NABIL,19,41,29,,
API,14,57,40,,
BBC,1,57,10,,
RHGCL,42,38,10,,
JBBL,49,47,45,,
FOWAD,45,49,52,,
FOWAD,45,58,39,,
FOWAD,45,10,16,,
UHEWA,40,6,10,,
SJCL,39,58,190,,
SJCL,39,3,10,,
API,10,57,200,,
RHGCL,42,47,10,,
NRIC,47,10,200,,
USLB,34,8,20,,
NLIC,42,42,50,,
SICL,8,45,20,,
OHL,1,32,25,,
BARUN,57,38,40,,
BARUN,57,38,10,,
BARUN,57,59,20,,
SMB,17,35,10,,
SMB,1,35,50,,
SMB,35,35,15,,
CHL,45,42,26,,
NLBBL,38,25,11,,
SHPC,58,26,25,,
SHPC,41,26,300,,
SHPC,5,26,50,,
SHPC,3,26,50,,
SHPC,28,26,20,,
SHPC,54,26,10,,
SHPC,21,26,50,,
SHPC,44,26,100,,
SHPC,45,26,250,,
SHPC,36,26,50,,
SHPC,34,26,370,,
SHPC,3,26,90,,
SHPC,11,26,20,,
SHPC,41,26,115,,
RHGCL,42,58,10,,
RHPL,13,56,380,,
HHL,50,39,10,,
RLFL,29,10,200,,
RFPL,29,32,10,,
SWMF,49,22,120,,
NRIC,57,10,30,,
API,22,57,165,,
API,22,25,35,,
NICLBSL,22,34,11,,
RHGCL,42,16,10,,
HHL,50,8,10,,
RHGCL,42,49,10,,
GLBSL,40,34,12,,
NFS,38,41,37,,
NFS,49,41,16,,
NFS,48,41,242,,
NFS,58,41,105,,
NFS,20,41,100,,
NICL,45,33,10,,
SRBL,50,38,338,,
SRBL,50,7,100,,
SRBL,50,57,433,,
SRBL,50,49,50,,
SRBL,50,6,79,,
HHL,50,8,10,,
SHIVM,47,57,35,,
SHIVM,47,39,65,,
BHDC,34,58,10,,
CIT,21,11,80,,
SINDU,20,34,200,,
JBLB,32,35,10,,
SINDU,20,34,500,,
JBLB,32,42,20,,
SINDU,4,34,200,,
SINDU,47,34,200,,
RHGCL,42,58,10,,
SINDU,36,34,400,,
SINDU,55,34,400,,
SINDU,45,34,100,,
SINDU,19,34,50,,
SINDU,38,34,500,,
SINDU,20,34,500,,
SINDU,38,34,50,,
UMHL,17,43,68,,
UMHL,17,43,200,,
UMHL,17,43,100,,
UMHL,52,43,50,,
UMHL,17,43,200,,
UMHL,17,43,200,,
UMHL,50,43,200,,
UMHL,52,43,600,,
UMHL,35,43,100,,
UMHL,52,43,100,,
UMHL,45,43,200,,
UMHL,53,43,100,,
UMHL,53,43,50,,
UMHL,53,43,220,,
UMHL,52,43,82,,
UMHL,59,43,80,,
RHGCL,58,34,10,,
RHGCL,58,47,10,,
NRIC,56,25,10,,
NRIC,10,25,50,,
NRIC,54,25,21,,
NRIC,50,10,10,,
HDHPC,45,21,1000,,
NMFBS,47,56,15,,
RHGCL,42,58,10,,
MLBL,3,34,135,,
NLIC,32,25,50,,
AKPL,19,58,10,,
HHL,50,49,10,,
BNHC,17,57,10,,
NICA,55,57,13,,
NICA,58,57,50,,
NICA,21,57,30,,
RHGCL,42,16,10,,
RFPL,29,17,10,,
RHGCL,42,19,10,,
CIT,56,56,40,,
HURJA,32,58,20,,
NICLBSL,34,34,200,,
MFIL,55,38,20,,
ICFC,57,22,89,,
ICFC,57,41,68,,
ICFC,57,26,100,,
ICFC,57,26,140,,
MNBBL,41,1,195,,
RHGCL,42,47,10,,
NESDO,28,57,10,,
DHPL,56,11,100,,
HHL,50,39,10,,
NTC,14,58,669,,
NTC,55,58,100,,
SHL,32,58,747,,
CHL,57,42,30,,
RIDI,44,35,100,,
PCBL,44,25,10,,
MBJC,16,58,10,,
SKBBL,6,19,596,,
CHL,58,42,15,,
SKBBL,38,19,100,,
SKBBL,36,19,20,,
SIFC,38,34,20,,
SICL,8,39,16,,
SICL,58,39,10,,
SICL,26,39,20,,
SICL,8,39,99,,
SICL,48,39,10,,
SICL,22,39,25,,
SICL,47,39,50,,
SICL,51,39,25,,
SICL,39,39,65,,
HIDCLP,3,10,1100,,
API,37,25,165,,
API,37,3,85,,
API,49,3,20,,
API,6,3,500,,
API,13,3,300,,
PCBL,44,19,50,,
API,20,3,95,,
RHGCL,42,16,10,,
BFC,58,45,70,,
BFC,53,45,20,,
BFC,53,45,10,,
GVL,41,58,10,,
AKJCL,53,51,520,,
AKJCL,25,51,10,,
AKJCL,49,51,30,,
SMB,35,25,10,,
CHCL,22,6,24,,
CHCL,22,6,11,,
CHCL,58,6,80,,
CHCL,42,6,275,,
MHNL,34,36,60,,
MHNL,48,36,100,,
MHNL,5,36,1000,,
MHNL,34,36,100,,
MHNL,34,36,188,,
HDHPC,49,58,50,,
NICA,42,49,100,,
GIMES1,54,33,500,,
NESDO,49,28,100,,
UPCL,38,58,100,,
MLBL,59,34,200,,
MLBL,57,34,500,,
MLBL,59,34,75,,
MLBL,45,34,1000,,
RFPL,13,42,30,,
MLBL,35,34,90,,
DDBL,32,43,110,,
RHGCL,42,47,10,,
SHINE,34,42,51,,
NABIL,49,41,50,,
RHGCL,42,49,10,,
BFC,53,13,40,,
SGHC,55,45,10,,
HHL,50,39,10,,
NICA,38,49,100,,
NICA,49,49,171,,
BHDC,34,34,10,,
RHGCL,42,21,10,,
LBBL,49,44,180,,
LBBL,59,44,20,,
LBBL,57,44,200,,
BPCL,57,52,10,,
NCCB,42,11,855,,
UPPER,38,56,100,,
NABIL,35,1,179,,
NABIL,35,38,68,,
RHGCL,42,47,10,,
GVL,47,8,1500,,
MBJC,16,32,10,,
NICBF,59,10,100,,
ADBL,35,14,1000,,
HDHPC,4,21,335,,
HDHPC,18,21,10,,
NABBC,58,21,100,,
HDHPC,13,21,180,,
RADHI,45,50,50,,
IGI,58,51,150,,
RHGCL,42,16,10,,
RIDI,44,35,100,,
NTC,14,58,331,,
PFL,42,38,189,,
PFL,48,38,41,,
RHGCL,42,14,10,,
SAHAS,7,54,40,,
ICFC,28,26,10,,
SHINE,57,45,115,,
HIDCL,45,8,140,,
HIDCL,45,38,371,,
RADHI,38,51,55,,
NTC,53,58,10,,
HIDCL,58,38,10,,
FMDBL,34,25,100,,
FMDBL,42,25,100,,
FMDBL,52,25,100,,
FMDBL,58,25,200,,
HHL,50,48,60,,
SMFDB,55,57,40,,
API,20,56,153,,
API,58,56,200,,
MHL,21,58,10,,
MHL,21,42,120,,
API,53,56,447,,
HIDCL,21,38,50,,
CIT,46,11,10,,
SHPC,41,22,1000,,
SPDL,4,52,100,,
CZBIL,58,42,51,,
PCBL,44,41,500,,
SHINE,7,45,10,,
SGHC,55,17,10,,
SGHC,55,58,10,,
NUBL,32,14,126,,
NUBL,5,14,25,,
NUBL,4,14,20,,
HDHPC,35,58,100,,
HHL,50,39,10,,
NHPC,50,41,446,,
NHPC,4,41,100,,
NHPC,36,41,454,,
JBBL,25,52,100,,
RHGCL,58,8,10,,
NTC,57,58,2000,,
NICL,34,33,20,,
ICFC,41,48,70,,
RHGCL,35,57,10,,
RHGCL,34,16,10,,
NICA,32,34,10,,
NICA,21,34,51,,
NICA,55,34,10,,
NICA,34,34,70,,
NICA,38,34,50,,
NICA,1,34,50,,
NICA,21,34,100,,
NICA,32,34,50,,
NICA,52,34,10,,
NICA,21,34,20,,
NICA,55,34,100,,
NICA,49,34,21,,
NICA,54,34,100,,
NICA,36,34,100,,
NICA,17,34,40,,
NICA,21,34,50,,
NICA,45,34,20,,
NICA,19,34,100,,
NICA,22,34,100,,
NICA,36,34,323,,
NICA,19,34,10,,
SFCL,34,45,20,,
NICA,49,34,29,,
NICA,1,34,76,,
NICA,17,34,210,,
NICA,42,34,100,,
NICA,38,34,50,,
NICA,58,34,50,,
NICA,29,34,50,,
NICA,39,34,50,,
NLIC,32,5,50,,
NLIC,32,34,10,,
NLIC,32,41,50,,
NLIC,32,17,100,,
NLIC,32,34,51,,
JBLB,32,58,10,,
NLIC,32,22,65,,
JBLB,35,58,20,,
PCBL,44,25,116,,
JALPA,3,38,10,,
PCBL,26,25,84,,
API,8,38,14,,
KEF,59,6,100,,
IGI,55,51,20,,
NTC,5,58,40,,
SWBBL,26,42,12,,
RFPL,13,17,10,,
PPCL,46,33,156,,
PPCL,1,33,30,,
NABIL,46,38,12,,
NABBC,36,45,30,,
NABBC,45,45,50,,
SGHC,55,4,10,,
RIDI,46,35,300,,
RIDI,46,6,800,,
DORDI,14,26,10,,
AKPL,35,49,236,,
HDHPC,49,58,50,,
NCCB,50,11,100,,
DORDI,14,54,10,,
SHIVM,42,55,10,,
RADHI,45,34,55,,
RHGCL,41,58,10,,
RHGCL,41,55,10,,
RHGCL,41,36,10,,
AKPL,19,46,200,,
NICA,36,49,177,,
NICA,28,49,100,,
NICA,40,49,100,,
NICA,55,49,11,,
NICA,57,49,13,,
NICA,21,49,25,,
NICA,49,49,50,,
NICA,35,49,24,,
SHINE,34,17,130,,
JALPA,51,57,10,,
SHL,57,58,1913,,
SHL,57,26,100,,
LICN,45,45,50,,
RHGCL,34,46,10,,
MHL,58,17,10,,
PICL,59,19,50,,
KBL,4,42,51,,
RHGCL,34,38,10,,
GLH,42,25,70,,
GLH,40,25,10,,
GLH,34,25,20,,
RHGCL,34,59,10,,
GMFIL,19,48,50,,
SFCL,57,43,200,,
NMB,46,44,50,,
NTC,42,58,30,,
MHNL,34,34,200,,
RIDI,1,25,221,,
RIDI,5,25,200,,
RIDI,38,25,20,,
NTC,45,58,100,,
RIDI,32,25,59,,
HHL,52,8,10,,
HIDCL,41,57,108,,
HHL,52,39,10,,
MHNL,34,6,100,,
ALICL,43,10,142,,
NHPC,36,21,116,,
NHPC,13,21,124,,
NTC,41,58,10,,
NLIC,57,6,30,,
NLIC,36,6,22,,
NLIC,38,6,20,,
NLIC,45,6,18,,
NLIC,37,6,20,,
EBL,4,D01,50,,
EBL,58,D01,10,,
EBL,58,D01,640,,
NESDO,13,57,20,,
LICN,46,45,12,,
MBL,21,35,90,,
MBL,21,32,10,,
API,55,38,20,,
AKPL,19,41,77,,
AKPL,14,41,23,,
RULB,57,47,10,,
JBLB,56,58,10,,
JBLB,58,58,50,,
PRVU,50,57,56,,
NABIL,35,28,100,,
SPDL,53,13,100,,
SPDL,41,13,100,,
RIDI,32,49,190,,
RIDI,39,49,10,,
RIDI,5,49,100,,
RIDI,57,49,200,,
NMB,33,42,51,,
GIMES1,42,39,200,,
CHL,58,42,45,,
JBBL,25,56,27,,
BHL,57,8,10,,
UPPER,58,56,110,,
NBL,59,58,10,,
RHGCL,34,58,10,,
HEI,13,59,20,,
HEI,13,36,45,,
ICFC,28,48,10,,
ADBL,35,58,100,,
HHL,22,32,10,,
NICA,35,42,200,,
NICA,35,45,200,,
JBBL,25,28,62,,
NICA,57,49,27,,
NICA,49,49,10,,
NICA,35,49,30,,
NICA,47,49,100,,
STC,55,49,46,,
NICA,49,49,25,,
NICA,38,49,20,,
RIDI,18,6,200,,
AKPL,14,45,27,,
NHDL,50,25,60,,
USHEC,57,58,10,,
USHEC,57,45,10,,
USHEC,57,45,10,,
RHGCL,42,53,10,,
API,14,34,374,,
API,10,34,26,,
NLICL,38,25,100,,
NBL,25,55,25,,
NHDL,50,10,25,,
NFS,58,51,95,,
CZBIL,26,48,100,,
API,44,38,316,,
API,44,5,110,,
API,44,55,574,,
SHINE,7,17,10,,
BPCL,58,52,60,,
BHDC,34,16,10,,
NTC,52,58,15,,
NTC,42,58,110,,
NTC,37,58,100,,
NTC,45,58,500,,
NTC,59,58,200,,
NTC,56,58,10,,
NTC,14,58,1000,,
NTC,59,58,100,,
NTC,52,58,100,,
NTC,38,58,50,,
NTC,58,58,100,,
NTC,32,58,64,,
NTC,58,58,30,,
NTC,45,58,100,,
NTC,29,25,10,,
SMFDB,37,57,10,,
CHCL,42,16,110,,
CHCL,42,3,50,,
KBL,4,1,50,,
KBL,38,1,50,,
PFL,28,52,10,,
SHIVM,17,19,295,,
NTC,29,36,300,,
SHIVM,19,19,65,,
NTC,29,58,170,,
SHIVM,35,19,40,,
HBL,52,5,24,,
HBL,17,5,20,,
HBL,48,5,10,,
HBL,4,5,42,,
HBL,17,5,54,,
HIDCL,41,10,74,,
RHGCL,42,4,10,,
RHGCL,42,49,578,,
RHGCL,58,49,500,,
RHGCL,11,49,25,,
RHGCL,21,49,97,,
RFPL,21,39,20,,
NIFRA,41,16,35,,
HHL,22,39,10,,
PCBL,49,25,20,,
RHGCL,21,58,10,,
CHL,53,42,424,,
NLIC,35,22,20,,
FOWAD,28,57,33,,
ICFC,19,58,60,,
UHEWA,40,34,10,,
RHGCL,21,49,10,,
JFL,28,8,10,,
KMCDB,7,34,12,,
NABIL,35,10,45,,
SGHC,55,58,10,,
SGHC,55,6,50,,
SGHC,55,58,10,,
RHGCL,41,32,10,,
JBLB,42,19,10,,
NHDL,47,10,29,,
NHDL,40,10,20,,
NHDL,38,10,10,,
RHGCL,35,58,10,,
RHGCL,35,35,10,,
NABIL,49,38,20,,
API,49,55,50,,
NABIL,35,43,108,,
NABIL,35,43,200,,
NABIL,58,43,13,,
NABIL,58,43,20,,
NABIL,4,43,39,,
NABIL,6,43,10,,
NABIL,16,43,40,,
NABIL,52,43,70,,
HIDCL,41,42,40,,
RHGCL,13,38,10,,
MHL,39,42,100,,
API,46,55,20,,
RHGCL,13,59,10,,
ADBL,59,58,100,,
NTC,58,58,10,,
AKPL,13,49,500,,
AKPL,57,49,100,,
AKPL,33,49,80,,
AKPL,45,49,84,,
SPDL,57,52,100,,
PRVU,56,41,24,,
SJCL,48,16,40,,
SRBL,6,6,632,,
SRBL,6,11,60,,
PPCL,14,17,10,,
JBBL,6,41,50,,
RSDC,26,41,290,,
RSDC,39,41,10,,
SHINE,D01,17,110,,
GFCL,28,56,10,,
AKPL,45,25,300,,
HDL,49,29,12,,
NIFRA,1,53,14,,
RHGCL,16,32,10,,
HIDCL,42,38,69,,
HIDCL,42,38,331,,
MNBBL,58,57,27,,
HHL,22,41,10,,
SFCL,6,34,13,,
ICFC,28,48,10,,
NHPC,4,48,200,,
MMFDB,46,34,207,,
MMFDB,10,34,100,,
MMFDB,34,34,100,,
MMFDB,26,34,20,,
MMFDB,17,34,20,,
MMFDB,53,34,20,,
MMFDB,26,34,15,,
MMFDB,26,34,100,,
MMFDB,33,34,18,,
SGHC,6,33,10,,
FOWAD,52,57,25,,
MHL,34,42,20,,
RHGCL,58,38,10,,
PFL,48,49,272,,
PSF,10,58,200,,
PFL,57,49,50,,
PFL,17,49,20,,
FOWAD,29,57,40,,
NICA,34,49,20,,
NHDL,48,10,100,,
NIBSF2,1,13,500,,
API,10,10,274,,
RIDI,58,58,2000,,
RHPL,13,52,100,,
BHL,57,58,10,,
HHL,19,34,20,,
GUFL,28,55,10,,
AKJCL,58,36,20,,
CHL,43,42,200,,
CHL,19,42,30,,
CHL,39,42,30,,
CHL,17,42,200,,
RHGCL,26,32,10,,
SPC,28,21,10,,
JFL,38,8,10,,
MKJC,28,47,130,,
MKJC,11,47,100,,
MKJC,39,47,10,,
MKJC,50,47,10,,
MKJC,34,47,50,,
MKJC,7,47,100,,
UHEWA,40,3,10,,
UPCL,58,22,475,,
UPCL,58,25,25,,
HHL,22,32,10,,
CZBIL,58,48,100,,
HIDCL,45,38,69,,
HIDCL,45,48,250,,
HIDCL,45,7,181,,
API,43,10,150,,
GUFL,45,58,20,,
NGPL,22,32,480,,
NGPL,53,32,20,,
SRBL,41,11,40,,
SWBBL,26,42,10,,
RHGCL,26,49,10,,
USHEC,41,38,10,,
SGHC,45,47,10,,
UPPER,57,56,10,,
UPPER,58,56,100,,
WNLB,34,56,15,,
UPPER,18,56,90,,
SPDL,36,52,100,,
GVL,50,58,13,,
GVL,50,57,10,,
MHNL,34,41,272,,
MHNL,42,41,100,,
MHNL,43,41,28,,
MLBS,45,58,70,,
HDL,39,45,27,,
RHGCL,49,58,10,,
SICL,55,16,90,,
RHGCL,49,28,10,,
LBBL,57,28,45,,
ENL,57,45,10,,
RHGCL,38,45,10,,
RHGCL,38,32,10,,
SWBBL,26,19,113,,
JALPA,3,20,10,,
DORDI,14,58,10,,
UHEWA,50,11,10,,
RHGCL,55,21,10,,
UHEWA,50,49,10,,
UHEWA,50,47,10,,
UHEWA,50,47,10,,
UHEWA,50,47,10,,
UHEWA,50,40,10,,
UHEWA,50,47,10,,
UHEWA,50,47,10,,
UHEWA,50,46,10,,
UHEWA,50,4,10,,
UHEWA,50,41,10,,
UHEWA,50,13,10,,
UHEWA,50,32,10,,
UHEWA,50,49,10,,
UHEWA,50,58,10,,
UHEWA,50,25,10,,
UHEWA,50,34,10,,
USHEC,57,58,10,,
USHEC,57,16,90,,
RHGCL,55,47,10,,
USHEC,57,58,10,,
USHEC,57,49,10,,
USHEC,57,34,10,,
USHEC,57,28,10,,
USHEC,57,38,10,,
USHEC,57,49,10,,
USHEC,57,17,50,,
USHEC,57,35,10,,
USHEC,57,22,10,,
USHEC,57,43,10,,
USHEC,57,52,194,,
USHEC,57,41,10,,
USHEC,57,33,10,,
USHEC,57,32,10,,
USHEC,57,49,10,,
USHEC,57,35,10,,
USHEC,57,16,10,,
AKPL,45,32,41,,
SPDL,32,52,20,,
NLIC,53,34,10,,
RHPL,19,58,298,,
UHEWA,38,49,10,,
MBJC,32,35,10,,
HHL,42,34,40,,
HHL,22,58,10,,
RFPL,13,57,10,,
SHPC,41,45,67,,
SHPC,16,45,200,,
SHPC,44,45,100,,
SHPC,1,45,300,,
SHPC,14,45,50,,
GBBL,D01,35,1115,,
GBBL,D01,16,1620,,
RHGCL,55,7,10,,
MHL,58,57,10,,
GVL,41,52,10,,
SHIVM,35,25,15,,
SHIVM,44,25,50,,
SHIVM,7,25,10,,
SHIVM,42,25,25,,
BNHC,17,56,150,,
SICL,38,57,11,,
SICL,42,57,50,,
SICL,39,57,50,,
UMRH,19,36,10,,
MFIL,48,21,84,,
MFIL,21,21,20,,
MFIL,3,21,20,,
MFIL,42,21,16,,
ICFC,57,45,75,,
HDL,51,43,20,,
DORDI,14,48,10,,
HDL,51,10,43,,
KSBBL,57,58,60,,
NMFBS,45,34,35,,
LEC,32,42,10,,
LEC,32,45,50,,
BHDC,50,58,10,,
HEI,22,22,10,,
HEI,53,22,40,,
HEI,17,22,10,,
PFL,20,49,158,,
NABIL,52,25,10,,
NABIL,11,25,15,,
HDL,51,29,20,,
SAHAS,7,26,10,,
MBJC,32,11,484,,
MBJC,34,11,28,,
RHGCL,55,32,10,,
ALICL,22,10,20,,
USHEC,51,46,10,,
BFC,21,32,22,,
RHGCL,55,16,10,,
FOWAD,28,57,100,,
FOWAD,16,57,10,,
JBLB,57,14,10,,
HBL,17,29,46,,
RULB,7,58,10,,
GVL,41,11,10,,
KBL,38,54,50,,
KBL,17,54,50,,
GILB,58,36,19,,
API,55,10,50,,
NABIL,42,38,10,,
NABIL,47,38,50,,
NABIL,48,38,25,,
NABIL,22,38,13,,
MNBBL,45,26,20,,
MNBBL,19,26,20,,
MNBBL,14,26,100,,
MNBBL,44,26,60,,
JALPA,3,42,10,,
JBLB,55,14,15,,
SICL,55,16,440,,
MBJC,34,38,10,,
NMB,33,32,10,,
NMB,33,19,50,,
RHPL,39,58,60,,
UPPER,18,29,10,,
MLBBL,44,45,185,,
UMHL,35,33,90,,
ICFC,57,41,280,,
ADBL,59,11,10,,
MFIL,22,38,28,,
SFMF,16,54,1000,,
NMFBS,36,42,4,,
NMFBS,36,49,10,,
RIDI,58,58,880,,
RIDI,58,35,120,,
SHIVM,42,39,175,,
RHGCL,55,40,10,,
HHL,45,34,40,,
UHEWA,38,6,10,,
RHGCL,55,45,10,,
RHGCL,55,46,10,,
SHEL,52,48,300,,
SHEL,49,48,15,,
SHEL,6,48,200,,
SHEL,20,48,100,,
SHEL,28,48,200,,
SHEL,26,48,500,,
SHEL,53,48,101,,
NESDO,28,36,10,,
NESDO,28,45,50,,
RHGCL,55,32,10,,
NLIC,58,34,50,,
RHGCL,55,38,10,,
GFCL,40,6,70,,
GFCL,34,6,30,,
GFCL,20,6,200,,
BHL,57,38,10,,
BHL,57,49,190,,
LBBL,D01,58,400,,
LBBL,D01,58,512,,
LBBL,D01,7,56,,
LBBL,D01,47,250,,
LBBL,D01,21,773,,
SGHC,45,38,10,,
BHL,4,49,130,,
BHL,4,8,10,,
BHL,4,58,10,,
RIDI,34,35,30,,
CBBL,6,51,251,,
CBBL,6,10,45,,
MDB,16,8,169,,
RIDI,44,35,100,,
MKJC,28,49,30,,
GUFL,34,57,100,,
GUFL,34,35,74,,
HHL,45,35,10,,
NGPL,53,42,480,,
KMCDB,33,25,70,,
API,45,10,49,,
JBBL,43,58,213,,
NLICL,38,44,100,,
SHEL,38,34,40,,
RIDI,36,35,50,,
KSBBL,58,58,10,,
HDHPC,33,58,15,,
API,20,54,50,,
PCBL,45,25,22,,
GVL,41,52,65,,
GVL,25,52,35,,
BHL,5,38,10,,
GVL,25,6,10,,
SICL,26,16,50,,
LBBL,39,21,15,,
BHL,5,8,10,,
BHL,5,8,470,,
SHINE,D01,34,226,,
RHGCL,36,58,10,,
RHGCL,36,58,10,,
ILBS,58,5,10,,
SICL,42,16,100,,
SICL,19,16,300,,
SICL,5,16,30,,
SICL,5,16,20,,
SICL,13,16,30,,
SICL,37,16,20,,
SICL,47,16,100,,
SICL,8,16,108,,
SICL,40,16,10,,
SICL,42,16,10,,
SICL,38,16,20,,
SICL,45,16,20,,
SICL,19,16,20,,
SICL,45,16,20,,
SICL,16,16,100,,
SICL,5,16,100,,
SICL,38,16,20,,
SICL,58,16,10,,
SICL,39,16,20,,
HHL,45,21,10,,
SRBL,17,6,289,,
SRBL,17,14,100,,
SRBL,17,56,11,,
SRBL,17,28,600,,
USHEC,53,57,10,,
USHEC,53,13,10,,
USHEC,53,32,10,,
USHEC,53,47,10,,
USHEC,53,56,430,,
USHEC,53,48,10,,
USHEC,53,49,10,,
USHEC,53,41,10,,
SRBL,41,26,293,,
NICA,34,49,10,,
NICA,19,49,10,,
NICA,46,49,50,,
NICA,29,49,20,,
NICA,33,49,178,,
API,53,55,10,,
BHL,57,10,100,,
BHL,57,13,20,,
GUFL,34,35,20,,
HPPL,5,19,100,,
NESDO,28,45,50,,
NLICL,11,40,50,,
NLICL,41,40,100,,
NIFRA,1,42,64,,
CFCL,52,43,15,,
NFS,48,44,900,,
NFS,58,44,120,,
RURU,49,58,50,,
ADBL,35,14,100,,
RHGCL,13,58,10,,
GVL,50,52,149,,
KBL,50,51,100,,
SBL,35,34,301,,
SBL,35,52,114,,
NIFRA,1,40,200,,
ADBL,35,58,106,,
JBBL,42,58,27,,
ADBL,46,11,90,,
LEC,7,45,50,,
USHEC,41,35,10,,
SHINE,D01,57,110,,
NLIC,37,55,80,,
NLIC,7,55,100,,
SHINE,D01,49,500,,
SHINE,D01,32,54,,
RHGCL,13,47,10,,
BBC,43,57,10,,
NBL,58,55,30,,
RHGCL,13,34,10,,
CHCL,58,54,50,,
SHEL,38,35,10,,
SKBBL,53,56,60,,
NABIL,57,25,30,,
SKBBL,52,56,40,,
NABIL,21,25,10,,
NABIL,42,25,60,,
NABIL,22,1,10,,
SIFC,7,38,25,,
RHGCL,22,58,10,,
CZBIL,54,29,73,,
CZBIL,8,29,75,,
CZBIL,58,29,350,,
CZBIL,16,29,160,,
CZBIL,1,29,300,,
CZBIL,32,29,75,,
API,42,55,121,,
RHGCL,22,4,10,,
RHGCL,38,4,20,,
RHGCL,35,4,10,,
RHGCL,55,4,360,,
NICA,33,49,22,,
NICA,42,49,10,,
NICA,22,49,25,,
NICA,55,49,11,,
NICA,36,49,100,,
NICA,41,49,31,,
NICA,53,49,50,,
NICA,42,49,16,,
NICA,1,49,160,,
NESDO,28,49,10,,
NTC,58,58,10,,
DORDI,58,38,10,,
SFCL,44,45,825,,
SFCL,45,45,385,,
NICA,1,4,100,,
HHL,34,56,50,,
HHL,34,40,10,,
HHL,34,6,30,,
NUBL,6,19,15,,
NUBL,6,51,200,,
NUBL,6,10,50,,
HDHPC,33,56,85,,
HIDCL,47,7,13,,
HURJA,32,16,50,,
BHL,57,13,20,,
PFL,20,21,42,,
PFL,21,21,20,,
PFL,58,21,12,,
PFL,57,21,60,,
PFL,26,21,10,,
NLICL,41,5,100,,
LICN,25,52,10,,
JBBL,42,57,23,,
JBBL,43,57,477,,
HDHPC,52,56,15,,
NMBMF,53,19,181,,
NMBMF,53,43,13,,
NMBMF,53,45,100,,
NMBMF,53,58,61,,
NMBMF,53,44,20,,
NMBMF,53,48,50,,
NMBMF,53,32,74,,
NMBMF,53,56,10,,
GVL,50,35,10,,
GUFL,48,4,190,,
GUFL,35,4,10,,
NMFBS,49,34,15,,
SRBL,41,42,50,,
RIDI,36,42,50,,
NTC,28,58,10,,
MDB,34,44,200,,
PCBL,44,25,10,,
MHL,58,49,10,,
MHL,58,7,10,,
MHL,58,48,100,,
MHL,58,58,10,,
RHGCL,55,58,10,,
MHL,58,14,10,,
JALPA,59,46,50,,
BHDC,49,47,10,,
AHPC,26,57,10,,
AHPC,49,57,82,,
NBF3,58,54,110,,
RHGCL,55,42,10,,
MLBL,59,52,25,,
MLBL,53,52,50,,
MLBL,33,52,25,,
MLBL,44,52,100,,
AKJCL,49,34,2000,,
NGPL,42,42,20,,
AKPL,33,34,20,,
GBLBS,34,21,30,,
HDL,51,10,57,,
HDL,57,10,10,,
HDL,42,10,20,,
HDL,58,10,13,,
API,38,55,225,,
API,38,37,20,,
DORDI,53,29,10,,
NICA,1,49,440,,
NICA,5,49,30,,
NICA,5,49,30,,
RHGCL,55,32,10,,
RHGCL,55,38,10,,
EDBL,48,53,20,,
SICL,41,58,30,,
SICL,58,58,10,,
HIDCL,41,58,10,,
SICL,29,58,35,,
CFCL,32,38,20,,
KEF,37,6,5000,,
SHEL,28,48,50,,
SHEL,33,48,490,,
RHGCL,55,46,10,,
JBBL,43,41,11,,
RHGCL,36,49,10,,
NLG,29,4,317,,
API,35,37,50,,
SFCL,48,45,20,,
NFS,58,7,180,,
NFS,42,7,10,,
NFS,58,7,20,,
NFS,25,7,200,,
NFS,50,7,90,,
GFCL,28,49,110,,
SPDL,53,58,100,,
BHL,57,42,10,,
KKHC,29,1,170,,
HHL,45,38,10,,
NCCB,5,57,10,,
NCCB,5,22,490,,
MPFL,28,28,185,,
MPFL,38,28,300,,
MPFL,42,28,500,,
MPFL,32,28,15,,
SIFC,6,38,100,,
AKPL,17,45,73,,
AKPL,17,19,127,,
HDL,41,10,10,,
SHIVM,35,5,17,,
MHL,21,4,10,,
NCCB,42,22,10,,
NABIL,42,55,40,,
NABIL,45,55,10,,
RHGCL,55,7,10,,
USHEC,41,44,10,,
RHGCL,55,56,10,,
GUFL,48,49,200,,
PCBL,26,55,116,,
RHGCL,55,6,10,,
NIFRA,1,44,54,,
RURU,20,58,99,,
RHGCL,55,34,10,,
FMDBL,10,22,94,,
MBJC,34,17,10,,
NFS,6,48,10,,
RHGCL,55,53,10,,
CIT,35,11,10,,
JBLB,49,33,18,,
SFCL,45,57,180,,
RHPL,21,58,200,,
SFCL,13,57,100,,
RHPL,44,58,100,,
RHPL,58,58,10,,
API,42,37,200,,
RHGCL,55,7,10,,
NLG,42,4,50,,
NLG,34,4,100,,
NLG,1,4,22,,
NLG,21,4,10,,
NLG,58,4,100,,
NLG,36,4,381,,
NLG,41,4,200,,
NLG,46,4,300,,
NLG,11,4,20,,
SBL,35,43,460,,
CORBL,49,6,250,,
RFPL,6,57,10,,
NABIL,57,1,10,,
RHGCL,55,32,10,,
GHL,43,38,10,,
GHL,34,38,40,,
GHL,43,38,110,,
GHL,51,38,40,,
SGHC,45,57,10,,
UPCL,21,25,100,,
HHL,22,45,10,,
RHGCL,55,58,10,,
SRBL,6,56,100,,
SRBL,6,6,1000,,
SRBL,6,6,60,,
SRBL,6,19,28,,
SRBL,6,6,50,,
SRBL,6,6,40,,
SRBL,6,6,30,,
SGHC,45,38,10,,
USHEC,41,49,10,,
AHPC,49,1,50,,
GBBL,34,16,20,,
GBBL,56,16,10,,
GBBL,26,16,10,,
GBBL,37,16,100,,
GBBL,35,16,232,,
GBBL,53,16,40,,
GBBL,44,16,500,,
GBBL,53,16,100,,
GBBL,45,16,200,,
GBBL,50,16,220,,
GBBL,37,16,50,,
GBBL,34,16,200,,
GBBL,49,16,280,,
GBBL,45,16,250,,
GBBL,26,16,50,,
GBBL,1,16,20,,
GBBL,51,16,20,,
GBBL,14,16,37,,
GBBL,6,16,500,,
GBBL,35,16,469,,
GBBL,21,16,72,,
RHGCL,55,6,10,,
JALPA,10,45,10,,
JALPA,51,45,190,,
NRIC,41,13,76,,
NRIC,10,13,40,,
NRIC,58,13,34,,
RHGCL,55,56,10,,
NICA,42,48,20,,
NICA,37,48,100,,
NICA,5,48,20,,
MHL,21,32,100,,
UHEWA,38,52,10,,
MLBL,39,45,10,,
RHGCL,55,49,10,,
HDL,58,3,17,,
HDL,21,3,10,,
NFS,6,48,10,,
GRDBL,58,56,124,,
GRDBL,22,56,300,,
RFPL,6,35,10,,
SPDL,53,47,10,,
SABSL,57,48,10,,
SABSL,42,48,10,,
SABSL,39,48,20,,
SABSL,57,48,10,,
SGHC,45,47,10,,
GUFL,28,35,10,,
ADBL,35,57,50,,
JBBL,43,34,12,,
JBBL,11,34,20,,
JBBL,58,34,12,,
RHGCL,55,35,10,,
NICLBSL,35,38,10,,
UMHL,44,33,10,,
RHGCL,55,35,10,,
RHGCL,55,32,10,,
RHGCL,55,16,10,,
PCBL,44,25,10,,
RLFL,28,38,100,,
MFIL,22,52,12,,
RHGCL,55,6,10,,
NLG,29,17,100,,
NLG,17,17,20,,
NLG,45,17,10,,
NLG,14,17,200,,
NLG,45,17,200,,
NLG,8,17,279,,
ICFC,28,48,10,,
UHEWA,14,13,10,,
SAHAS,7,38,10,,
API,37,37,200,,
BHDC,34,58,10,,
LBBL,39,21,12,,
LBBL,57,21,200,,
PFL,17,21,100,,
PFL,25,21,20,,
PPCL,53,34,80,,
PPCL,39,34,50,,
PPCL,38,34,120,,
SHIVM,38,5,10,,
SWMF,48,25,40,,
SHIVM,7,5,10,,
NICA,49,49,50,,
NICA,38,49,10,,
NICA,59,49,15,,
CIT,11,29,10,,
ALICL,43,8,80,,
ALICL,8,8,50,,
GFCL,38,49,90,,
NABIL,58,52,21,,
NABIL,21,52,31,,
FMDBL,10,33,106,,
RHGCL,55,16,10,,
SPC,52,56,100,,
RSDC,39,25,90,,
NCCB,46,50,50,,
NCCB,28,50,50,,
MHL,21,47,10,,
GFCL,28,56,10,,
CLBSL,6,58,70,,
CLBSL,35,58,10,,
CLBSL,35,58,20,,
RHGCL,55,36,10,,
DORDI,58,38,10,,
KRBL,26,28,16,,
JALPA,51,58,10,,
RHGCL,55,46,10,,
NHPC,28,40,647,,
NHPC,28,45,300,,
NHPC,28,49,3053,,
NHPC,28,48,1000,,
NABIL,34,54,68,,
JBBL,58,58,10,,
NABIL,57,54,20,,
NABIL,48,54,13,,
HDL,59,48,50,,
HDL,42,48,20,,
HDL,54,48,20,,
HDL,45,48,10,,
AHPC,49,42,40,,
SFCL,13,19,400,,
DDBL,10,53,10,,
DDBL,36,53,10,,
RMDC,32,14,11,,
RMDC,54,14,39,,
SIFC,55,38,75,,
AKJCL,49,25,20,,
HIDCL,25,7,500,,
HIDCL,41,16,200,,
NIFRA,1,49,64,,
MNBBL,44,10,40,,
MNBBL,34,10,39,,
MNBBL,49,10,21,,
RHPL,42,58,150,,
RHPL,39,58,200,,
RHPL,6,58,132,,
RMDC,54,38,11,,
UPPER,17,38,10,,
NIL,6,11,395,,
AHPC,49,39,328,,
AHPC,42,39,500,,
AHPC,56,39,648,,
SPC,52,56,100,,
SHIVM,5,39,35,,
SHIVM,5,4,35,,
NHPC,13,34,100,,
NHPC,13,51,276,,
MBJC,34,22,10,,
BPCL,8,58,100,,
DHPL,29,45,500,,
SGHC,45,14,150,,
RHGCL,55,58,10,,
PCBL,44,49,60,,
UMHL,44,14,50,,
PRVU,58,51,3,,
API,10,37,30,,
SABSL,58,57,11,,
MBL,25,13,300,,
UHEWA,14,29,10,,
RSDC,42,25,10,,
RSDC,3,25,100,,
RSDC,19,25,300,,
AKPL,14,34,50,,
RHGCL,55,34,10,,
GUFL,22,50,50,,
MBJC,34,48,10,,
GVL,50,35,10,,
SBI,45,1,26,,
SBI,11,1,180,,
SPDL,53,21,222,,
SPDL,11,21,188,,
PCBL,39,49,20,,
PCBL,13,49,50,,
PCBL,48,49,100,,
PCBL,58,49,20,,
PCBL,58,49,50,,
RHGCL,55,21,10,,
TRH,29,21,100,,
BHL,5,52,10,,
NRIC,41,28,36,,
NRIC,57,28,150,,
RADHI,25,17,160,,
RHGCL,55,38,10,,
RMDC,6,14,50,,
RMDC,19,14,100,,
RMDC,41,14,50,,
RMDC,47,14,34,,
ICFC,38,57,100,,
SIFC,55,44,325,,
SIFC,50,44,25,,
SIFC,22,44,50,,
BARUN,54,52,38,,
AKJCL,49,43,940,,
AKJCL,4,43,100,,
AKJCL,25,43,10,,
AKJCL,41,43,20,,
HHL,14,29,10,,
API,17,25,500,,
GVL,50,58,10,,
NMBMF,29,56,10,,
RMDC,47,10,50,,
RMDC,56,10,50,,
NIFRA,1,42,112,,
NIFRA,45,42,76,,
NIFRA,45,42,25,,
NIFRA,1,42,29,,
HDHPC,22,34,200,,
NIFRA,36,42,100,,
NIFRA,32,42,202,,
NIFRA,34,42,30,,
ADBL,35,11,100,,
UPCL,26,45,200,,
UPCL,26,56,74,,
RHGCL,58,35,10,,
SGHC,57,14,10,,
SGHC,25,14,50,,
SGHC,45,14,30,,
JFL,38,28,26,,
SAHAS,49,32,10,,
JFL,8,28,50,,
JFL,49,28,10,,
JFL,25,28,20,,
JFL,6,28,50,,
HEI,21,22,10,,
HEI,57,22,100,,
HEI,45,22,50,,
CHCL,58,45,150,,
CHCL,58,3,50,,
BHL,5,38,10,,
SICL,29,48,15,,
TPC,39,48,10,,
MBL,25,58,93,,
HDL,29,16,60,,
SHINE,42,32,100,,
HDHPC,13,58,20,,
SBL,47,39,64,,
RHGCL,58,58,10,,
RHPL,6,32,75,,
PCBL,44,25,10,,
SHL,29,58,100,,
UPCL,45,37,70,,
UPCL,48,37,10,,
UPCL,38,37,150,,
UPCL,50,37,100,,
UPCL,45,37,50,,
UPCL,19,37,100,,
UPCL,44,37,100,,
UPCL,10,37,50,,
UPCL,40,37,50,,
UPCL,44,37,100,,
UPCL,53,37,100,,
UPCL,29,37,120,,
RFPL,6,57,10,,
RHGCL,58,41,10,,
MDB,34,1,283,,
MDB,54,1,10,,
MDB,46,1,130,,
MDB,40,1,300,,
MDB,6,1,265,,
MDB,47,1,12,,
AHPC,56,34,50,,
AHPC,17,34,50,,
GHL,51,34,160,,
ICFC,42,41,190,,
GHL,43,34,140,,
GHL,45,34,100,,
SHL,50,26,200,,
NBL,52,11,176,,
NLIC,45,34,10,,
JBLB,55,39,10,,
FMDBL,58,41,100,,
PCBL,58,44,10,,
MFIL,34,52,200,,
CGH,51,29,18,,
CGH,25,29,10,,
CGH,10,29,10,,
EBL,58,52,60,,
CGH,10,29,12,,
HDL,29,45,40,,
SHEL,33,47,10,,
RHGCL,55,16,10,,
NIL,53,57,50,,
NIL,53,32,25,,
NIL,53,41,160,,
NIL,53,42,100,,
NIL,53,22,100,,
NRIC,41,51,25,,
NRIC,51,51,100,,
NRIC,59,51,50,,
NRIC,57,51,10,,
NRIC,57,51,15,,
NRIC,22,51,100,,
NLICL,34,45,700,,
NLICL,50,45,200,,
SRBL,35,34,150,,
RHGCL,55,34,10,,
RIDI,32,21,251,,
JOSHI,55,22,10,,
RHGCL,45,29,10,,
SPC,52,56,287,,
JFL,34,28,100,,
JFL,38,28,20,,
JFL,26,28,20,,
JFL,19,28,300,,
SGHC,57,14,10,,
UPPER,51,39,150,,
UPPER,26,39,97,,
UPPER,28,39,50,,
UPPER,28,39,30,,
UPPER,38,39,10,,
UPPER,48,39,100,,
UPPER,38,39,10,,
MKLB,39,35,50,,
UPPER,33,39,50,,
NESDO,28,36,10,,
PCBL,45,44,10,,
NICL,33,44,49,,
NICL,58,44,51,,
GFCL,38,22,10,,
NUBL,32,43,30,,
UHEWA,14,49,10,,
NHPC,47,51,500,,
AKJCL,57,17,196,,
DDBL,36,43,40,,
DDBL,42,43,50,,
DDBL,19,43,10,,
IGI,34,44,570,,
MHNL,53,53,50,,
SDLBSL,6,39,14,,
PCBL,54,44,95,,
PCBL,56,44,200,,
PCBL,53,44,50,,
PCBL,36,44,100,,
PCBL,1,44,25,,
PCBL,11,44,50,,
PCBL,43,44,200,,
PCBL,45,44,100,,
PCBL,17,44,30,,
PCBL,38,44,200,,
PCBL,8,44,100,,
PCBL,10,44,50,,
PCBL,45,44,20,,
PCBL,25,44,20,,
PCBL,20,44,33,,
PCBL,35,44,200,,
PCBL,57,44,100,,
PCBL,45,44,100,,
PCBL,58,44,226,,
PCBL,17,44,500,,
PCBL,41,44,30,,
PCBL,41,44,24,,
NHPC,28,34,200,,
RHGCL,55,35,10,,
UHEWA,14,49,10,,
RHGCL,55,16,10,,
NMB,33,52,183,,
SHL,50,47,294,,
SHL,28,47,100,,
BHL,5,13,10,,
RHGCL,55,21,10,,
RSDC,19,25,100,,
GRDBL,34,56,10,,
GRDBL,38,56,66,,
NLBBL,38,43,75,,
NLBBL,41,43,75,,
USHEC,45,11,10,,
PRVU,56,57,155,,
PRVU,41,57,100,,
PRVU,56,57,10,,
PRVU,28,57,235,,
GILB,42,56,20,,
JOSHI,56,22,250,,
SGHC,58,14,600,,
SGHC,19,14,30,,
MHL,21,40,10,,
AKJCL,57,57,40,,
NLICL,6,40,562,,
SHIVM,38,57,20,,
SHIVM,22,57,70,,
SHIVM,5,57,35,,
SHIVM,6,57,50,,
SHIVM,36,57,20,,
SHIVM,55,57,10,,
SHIVM,54,57,200,,
SHIVM,51,57,20,,
NESDO,28,57,300,,
RHGCL,55,4,10,,
RHGCL,55,49,10,,
NICA,59,48,135,,
NICA,17,48,50,,
NICA,52,48,30,,
NICA,59,48,20,,
NICA,17,48,100,,
NICA,48,48,50,,
NICA,19,48,15,,
VLBS,29,51,16,,
JBBL,48,28,100,,
JBBL,26,28,38,,
DDBL,3,1,10,,
SIFC,28,25,100,,
ICFC,32,22,205,,
ICFC,42,22,195,,
NICL,58,6,49,,
NICL,5,6,90,,
NICL,6,6,11,,
NUBL,7,43,60,,
NUBL,1,43,20,,
NUBL,6,43,20,,
NUBL,52,43,20,,
DORDI,16,38,210,,
SBL,7,39,15,,
SBL,44,39,200,,
SBL,8,39,68,,
SBL,58,39,10,,
SBL,32,39,100,,
STC,5,38,90,,
NESDO,28,36,10,,
NHPC,28,34,100,,
FMDBL,58,29,100,,
FMDBL,39,29,300,,
FMDBL,58,29,100,,
FMDBL,55,29,100,,
NGPL,33,32,500,,
NICLBSL,41,45,40,,
RURU,20,33,58,,
ICFC,42,13,100,,
ICFC,44,13,10,,
ICFC,34,13,10,,
ICFC,49,13,30,,
RHGCL,55,53,10,,
NTC,32,28,70,,
NTC,32,58,866,,
RHGCL,56,54,10,,
GHL,25,52,80,,
GHL,58,52,300,,
GHL,43,52,100,,
GHL,57,52,10,,
RHGCL,55,33,10,,
PICL,59,25,50,,
NTC,57,58,1000,,
GVL,4,58,30,,
SGHC,52,4,10,,
SHPC,47,29,20,,
SHPC,41,29,60,,
SHPC,7,29,30,,
SHPC,43,29,30,,
SHIVM,29,39,50,,
SHPC,43,35,470,,
SHPC,22,35,30,,
DORDI,41,10,10,,
AKPL,14,42,100,,
NLIC,35,34,10,,
NLIC,35,13,20,,
RHGCL,57,7,10,,
NHPC,47,51,500,,
BHL,5,44,10,,
SANIMA,17,45,60,,
SANIMA,17,1,140,,
LEC,32,45,20,,
LEC,32,43,30,,
NICA,19,39,10,,
NICA,16,39,10,,
NICA,6,39,200,,
NICA,45,39,20,,
NICA,17,39,100,,
NICA,56,39,160,,
NESDO,28,22,500,,
FMDBL,51,33,15,,
FMDBL,34,33,20,,
FMDBL,38,33,50,,
FMDBL,47,33,10,,
FMDBL,58,33,309,,
SADBL,21,26,300,,
RHGCL,57,52,10,,
SADBL,58,26,200,,
NLG,8,25,21,,
NLG,36,25,29,,
GILB,25,56,10,,
PRVU,28,35,265,,
PRVU,49,35,500,,
GBBL,21,42,28,,
GBBL,39,42,150,,
GBBL,56,42,22,,
SPDL,11,34,12,,
SPDL,41,34,100,,
SPDL,38,34,50,,
SPDL,14,34,20,,
SPDL,38,34,18,,
HHL,35,38,10,,
HHL,35,56,90,,
HHL,34,56,10,,
NTC,45,58,10,,
SHIVM,51,40,980,,
SHIVM,45,40,20,,
SHIVM,17,40,1000,,
SHIVM,44,40,100,,
SHIVM,57,40,100,,
SHIVM,47,40,800,,
UHEWA,14,46,10,,
HURJA,28,16,100,,
LICN,43,26,80,,
RHGCL,57,16,10,,
JALPA,51,28,90,,
JALPA,39,28,10,,
CBLD88,39,21,10,,
CBLD88,6,21,15,,
CBBL,42,18,17,,
API,20,29,202,,
API,20,29,1192,,
RHGCL,57,57,10,,
SHL,1,58,100,,
MBJC,34,58,10,,
SBI,11,56,420,,
NESDO,28,5,10,,
RHGCL,57,8,10,,
RHGCL,57,58,10,,
RHGCL,57,7,10,,
RHGCL,57,58,10,,
NIL,41,25,50,,
PROFL,34,57,30,,
PROFL,52,57,63,,
NABIL,48,42,12,,
NABIL,49,42,28,,
NABIL,46,42,10,,
UHEWA,14,4,10,,
LEC,32,7,41,,
LEC,32,59,27,,
LEC,32,46,10,,
LEC,32,16,497,,
LEC,32,38,35,,
LEC,32,45,390,,
RHGCL,55,38,10,,
GILB,14,38,20,,
FMDBL,58,58,70,,
PROFL,28,52,10,,
PROFL,28,58,10,,
NICA,56,39,40,,
NICA,45,39,10,,
NICA,59,39,100,,
NICA,51,39,150,,
NICA,32,39,50,,
NICA,52,39,40,,
NICA,49,39,10,,
NICA,28,39,100,,
DORDI,16,45,20,,
GLH,17,38,50,,
GLH,37,38,200,,
MLBL,21,45,10,,
GLH,7,38,50,,
MLBL,48,45,20,,
GLH,45,38,295,,
MLBL,58,45,30,,
BNHC,17,56,50,,
MLBL,45,45,100,,
MLBL,53,45,30,,
MLBL,57,45,57,,
CIT,17,1,45,,
CIT,22,1,10,,
CIT,11,1,50,,
EDBL,17,18,245,,
EDBL,19,18,100,,
EDBL,10,18,100,,
EDBL,51,18,500,,
EDBL,45,18,38,,
EDBL,49,18,82,,
EDBL,14,18,135,,
NABIL,26,54,35,,
NABIL,58,54,20,,
NABIL,48,54,20,,
NABIL,3,54,20,,
NABIL,47,54,104,,
PCBL,41,57,26,,
PCBL,28,57,10,,
PCBL,34,57,30,,
MLBSL,34,4,47,,
MLBSL,46,4,30,,
MLBSL,43,4,10,,
MLBSL,34,4,50,,
MLBSL,38,4,15,,
MLBSL,45,4,10,,
RHGCL,55,58,10,,
NRIC,57,37,85,,
NRIC,57,37,50,,
NRIC,38,37,100,,
NRIC,39,37,200,,
NRIC,18,37,50,,
NRIC,49,37,23,,
NRIC,19,37,100,,
NRIC,42,37,17,,
NRIC,57,37,75,,
RHGCL,55,46,10,,
NICLBSL,42,45,106,,
KSBBL,40,6,100,,
RHGCL,55,16,10,,
USHEC,16,45,10,,
UPCL,29,42,180,,
UPCL,11,42,70,,
UPCL,11,42,100,,
UPCL,51,42,150,,
MLBSL,56,10,25,,
NIFRA,45,42,43,,
NIL,41,40,278,,
NIL,4,40,150,,
NLICL,6,57,686,,
NBL,52,14,100,,
NBL,52,3,228,,
NBL,52,48,86,,
NBL,52,35,170,,
NBL,52,1,140,,
MLBL,38,34,100,,
GRDBL,38,28,98,,
SHIVM,17,57,450,,
NHPC,28,25,200,,
SHIVM,17,49,50,,
NESDO,28,28,180,,
SFCL,28,45,10,,
NESDO,33,28,20,,
BFC,11,38,100,,
NABBC,45,50,200,,
SRBL,46,34,150,,
NICA,14,39,47,,
NICA,5,39,30,,
NICA,14,39,423,,
NICA,14,39,350,,
NICA,21,39,50,,
NMFBS,45,49,16,,
MPFL,32,1,85,,
MPFL,54,1,15,,
MPFL,41,1,500,,
MPFL,3,1,500,,
MPFL,53,1,500,,
MPFL,16,1,100,,
MPFL,16,1,200,,
MPFL,6,1,100,,
SWBBL,58,26,20,,
CHCL,42,21,65,,
CHCL,42,21,50,,
CIT,41,29,20,,
CIT,45,29,50,,
CIT,58,29,10,,
CIT,21,29,20,,
CIT,53,29,10,,
CIT,58,29,20,,
LEC,32,45,10,,
HDL,8,10,30,,
RHGCL,55,7,10,,
SAHAS,7,48,10,,
KBL,39,51,10,,
MLBL,57,57,443,,
MLBL,45,57,20,,
MLBL,36,57,150,,
MLBL,49,57,387,,
JBBL,26,1,300,,
SICL,45,52,73,,
UHEWA,14,49,10,,
UMHL,44,11,500,,
NLICL,14,57,80,,
SINDU,17,44,500,,
IGI,34,13,100,,
RADHI,25,55,40,,
RADHI,26,55,50,,
RADHI,21,55,10,,
NABIL,47,25,70,,
NABIL,1,25,20,,
NABIL,58,25,10,,
HIDCL,43,40,40,,
HIDCL,43,58,140,,
GLH,49,25,690,,
GRDBL,38,58,36,,
GRDBL,14,58,1000,,
GRDBL,55,58,50,,
HHL,34,59,490,,
HHL,50,59,20,,
NMB,39,44,33,,
NICA,21,39,450,,
RHGCL,55,16,10,,
NICA,20,39,50,,
HEI,25,22,30,,
NTC,58,14,350,,
PRVU,34,35,10,,
PRVU,57,35,50,,
PRVU,59,35,18,,
PRVU,56,35,100,,
PRVU,49,35,57,,
NTC,58,58,100,,
PROFL,52,7,10,,
FOWAD,42,58,10,,
GHL,56,52,1000,,
NLICL,14,7,420,,
RHGCL,55,44,210,,
RHGCL,34,44,20,,
RHGCL,1,44,770,,
BPCL,34,52,100,,
BPCL,13,52,24,,
SHIVM,17,13,50,,
RHGCL,1,58,10,,
FMDBL,58,29,621,,
FMDBL,19,29,160,,
FMDBL,42,29,10,,
FMDBL,37,29,50,,
FMDBL,49,29,10,,
FMDBL,55,29,19,,
FMDBL,54,29,30,,
FMDBL,28,29,100,,
LBL,42,25,90,,
LBL,50,25,10,,
RHGCL,1,17,10,,
RHGCL,1,49,10,,
NLIC,35,13,50,,
NTC,53,58,50,,
RHGCL,28,45,10,,
RHGCL,28,33,10,,
RHGCL,28,43,27,,
RHGCL,28,54,10,,
RHGCL,28,58,10,,
LEC,32,11,40,,
LEC,32,38,10,,
LEC,32,13,20,,
LEC,32,7,40,,
LEC,32,56,155,,
LEC,32,4,10,,
RURU,20,38,43,,
RURU,56,38,17,,
UMHL,44,45,480,,
API,20,58,808,,
API,50,58,50,,
API,48,58,50,,
API,52,58,200,,
API,48,58,100,,
API,11,58,10,,
API,46,58,100,,
API,6,58,10,,
API,41,58,50,,
API,44,58,40,,
API,36,58,500,,
API,8,58,50,,
API,17,58,32,,
RHGCL,1,1,10,,
GUFL,6,44,19,,
GUFL,36,44,21,,
GUFL,56,44,10,,
GUFL,22,44,50,,
GUFL,22,44,50,,
NESDO,26,43,10,,
NMBMF,54,39,60,,
NMBMF,40,39,10,,
NMBMF,22,39,10,,
CHDC,7,42,50,,
ICFC,28,41,10,,
ADBL,56,58,18,,
RHGCL,1,58,10,,
RHGCL,1,16,10,,
USLB,37,8,73,,
USLB,57,8,27,,
NRIC,57,39,25,,
NRIC,41,39,50,,
NRIC,41,39,20,,
NRIC,49,39,35,,
NRIC,26,39,10,,
PRVU,49,35,31,,
NRIC,40,39,10,,
NRIC,17,39,50,,
PRVU,42,35,50,,
HDL,57,10,10,,
HDL,13,10,10,,
HDL,6,10,40,,
KBL,17,25,50,,
KBL,36,25,50,,
KBL,42,25,100,,
GRDBL,55,59,450,,
GRDBL,1,59,50,,
ICFC,45,28,20,,
ICFC,41,28,180,,
AHPC,57,21,50,,
SAHAS,38,38,10,,
RHGCL,1,42,10,,
NIFRA,41,42,11,,
NIFRA,41,45,89,,
RHGCL,1,25,10,,
RMDC,33,13,50,,
HIDCL,34,58,10,,
GUFL,28,35,10,,
MBJC,34,44,10,,
AKPL,28,19,63,,
AKPL,28,17,37,,
EBL,46,25,100,,
PCBL,56,44,10,,
PCBL,56,19,13,,
NMB,33,8,40,,
RHGCL,1,49,10,,
RHGCL,1,35,10,,
AKPL,57,17,125,,
BHL,5,56,10,,
GVL,50,28,10,,
RHGCL,1,16,10,,
KSBBL,25,58,44,,
RFPL,21,29,10,,
AKJCL,57,38,200,,
UHEWA,14,48,10,,
SLBBL,58,32,30,,
SLBBL,54,32,200,,
SLBBL,35,32,292,,
SLBBL,42,32,50,,
PRVU,38,35,50,,
SHIVM,17,6,450,,
SHIVM,7,6,10,,
SHIVM,17,6,40,,
RHGCL,1,38,10,,
NTC,56,58,50,,
UHEWA,14,57,10,,
UMHL,25,45,20,,
UMHL,25,58,20,,
NIFRA,32,38,200,,
BPCL,13,42,20,,
API,17,25,68,,
API,11,25,120,,
API,42,25,12,,
MERO,34,10,200,,
NIFRA,43,45,23,,
NIFRA,43,45,54,,
NIFRA,43,25,24,,
NIFRA,43,52,20,,
NIFRA,43,36,54,,
NRN,54,57,10,,
NTC,58,57,110,,
MBL,25,39,520,,
SICL,45,13,30,,
SFCL,56,57,295,,
SFCL,34,57,100,,
SFCL,42,57,105,,
RHGCL,58,4,10,,
MNBBL,14,57,50,,
STC,42,38,10,,
STC,21,38,10,,
MLBBL,44,45,150,,
HDL,6,10,10,,
HDL,35,10,10,,
HDL,11,10,10,,
HDL,38,10,20,,
PCBL,28,44,10,,
CFCL,32,59,120,,
RFPL,6,58,10,,
RHGCL,58,58,10,,
MMFDB,33,39,72,,
MMFDB,42,39,25,,
NFS,58,11,100,,
RHGCL,58,49,10,,
NMFBS,36,29,16,,
HIDCL,42,58,50,,
HIDCL,42,57,160,,
ADBL,56,58,82,,
ADBL,26,58,18,,
MLBBL,44,34,130,,
AKJCL,57,22,90,,
FMDBL,55,13,100,,
NTC,59,58,90,,
NUBL,6,51,328,,
NTC,57,58,200,,
LICN,34,26,20,,
NFS,34,11,20,,
SCB,35,6,20,,
SCB,26,6,260,,
SCB,55,6,260,,
HURJA,8,16,100,,
NIFRA,32,34,18,,
AKPL,57,38,75,,
MFIL,1,52,110,,
MLBL,49,48,113,,
MLBL,43,48,50,,
MLBL,34,48,52,,
MLBL,57,48,50,,
MLBL,3,48,200,,
MLBL,32,48,35,,
RHGCL,38,21,10,,
UPCL,11,6,100,,
UPCL,58,6,100,,
DORDI,41,48,10,,
NLIC,51,39,128,,
NLIC,47,39,20,,
PRVU,57,35,100,,
ADBL,26,11,82,,
ADBL,58,11,18,,
CZBIL,58,48,100,,
SBI,5,56,80,,
SGHC,52,38,10,,
ENL,57,45,10,,
HDL,34,34,15,,
NGPL,34,5,15,,
NGPL,14,5,15,,
NGPL,58,5,10,,
NGPL,34,5,50,,
NGPL,3,5,300,,
SHL,17,58,1000,,
SHL,58,58,240,,
SHL,26,58,900,,
FMDBL,43,13,50,,
RHGCL,1,49,10,,
JBBL,26,22,90,,
KSBBL,42,33,100,,
NBL,59,41,70,,
RHGCL,1,16,10,,
LICN,34,58,20,,
LICN,1,58,10,,
LICN,29,58,10,,
LICN,7,58,17,,
LICN,48,58,10,,
FOWAD,8,48,36,,
RHGCL,1,16,10,,
KPCL,53,49,400,,
PROFL,52,25,200,,
SHPC,57,18,15,,
UNHPL,58,7,300,,
MERO,34,39,247,,
EBL,42,34,12,,
DORDI,41,21,10,,
CORBL,49,58,85,,
GUFL,34,21,300,,
RHGCL,1,40,10,,
PRVU,16,35,10,,
PRVU,35,35,120,,
SPDL,32,39,20,,
HIDCL,22,50,50,,
EDBL,14,44,65,,
EDBL,25,44,200,,
EDBL,41,44,90,,
EDBL,57,44,100,,
EDBL,54,44,100,,
EDBL,35,44,50,,
EDBL,45,44,15,,
EDBL,38,44,30,,
CBBL,6,26,200,,
CBBL,6,43,20,,
CBBL,6,58,94,,
CBBL,6,28,59,,
BFC,56,13,100,,
BFC,43,13,40,,
RHGCL,1,35,10,,
NFS,56,11,180,,
LBBL,59,33,80,,
RHGCL,1,16,10,,
UMRH,42,3,200,,
HIDCL,22,50,300,,
DORDI,53,58,10,,
RURU,56,6,72,,
RURU,34,6,10,,
FMDBL,47,13,50,,
RHGCL,1,21,10,,
NMB,33,26,45,,
MBJC,34,52,10,,
UMHL,59,17,20,,
MNBBL,45,57,40,,
NLICL,6,39,12,,
NLICL,13,39,86,,
BHL,57,4,10,,
RHGCL,1,37,10,,
GBLBS,34,39,172,,
GBLBS,41,39,54,,
HURJA,38,16,50,,
GBLBS,17,39,344,,
GBLBS,34,39,20,,
GBLBS,51,39,10,,
CIT,58,55,30,,
HDL,3,26,20,,
HDL,58,26,10,,
HDL,44,26,17,,
SHL,26,56,100,,
SWMF,48,22,10,,
SWMF,56,22,10,,
JFL,41,8,100,,
RFPL,21,29,10,,
USHEC,45,58,10,,
CBBL,35,28,11,,
PCBL,34,13,30,,
CBBL,4,28,50,,
RHGCL,1,16,10,,
USHEC,45,42,10,,
MNBBL,41,57,50,,
JALPA,51,38,10,,
NICLBSL,58,17,30,,
NICLBSL,58,45,10,,
LUK,58,58,1900,,
NICLBSL,58,57,40,,
FOWAD,47,22,20,,
MNBBL,36,57,100,,
GVL,50,56,10,,
GFCL,51,34,375,,
GFCL,51,14,100,,
GFCL,51,34,25,,
NIFRA,1,45,506,,
RSDC,19,35,100,,
NRIC,45,35,10,,
NRIC,45,35,11,,
NRIC,18,35,64,,
NRIC,33,35,100,,
SJCL,48,16,20,,
FMDBL,36,13,90,,
RHGCL,39,29,10,,
MLBL,32,39,65,,
MLBL,57,39,150,,
MLBL,51,39,100,,
MLBL,41,39,50,,
MLBL,58,39,10,,
MLBL,49,39,25,,
MLBL,8,39,200,,
MLBL,57,39,100,,
NICA,14,39,10,,
NICA,28,39,80,,
NICA,19,39,10,,
CLBSL,53,40,70,,
CLBSL,53,33,30,,
RIDI,17,22,100,,
RIDI,17,56,107,,
HIDCL,58,50,54,,
RHGCL,34,34,10,,
PPCL,38,6,80,,
PPCL,51,6,100,,
PPCL,46,6,50,,
PPCL,22,6,90,,
SWBBL,58,10,20,,
RHGCL,34,16,10,,
SPDL,38,57,32,,
SPDL,11,57,118,,
SPDL,57,57,50,,
NIL,6,42,900,,
NIL,6,33,100,,
RHGCL,58,38,10,,
JBLB,36,48,7,,
JBLB,45,48,10,,
RMDC,33,34,448,,
RMDC,53,34,25,,
RMDC,58,34,30,,
RMDC,33,34,100,,
NGPL,4,35,50,,
RMDC,51,34,70,,
RMDC,53,34,277,,
RMDC,49,34,50,,
SBL,8,40,32,,
SBL,8,40,168,,
UPPER,33,10,13,,
UPPER,47,10,50,,
UPPER,22,10,37,,
NTC,6,58,50,,
RHGCL,58,49,10,,
GLH,49,38,10,,
MNBBL,57,20,10,,
RLFL,38,35,20,,
RHGCL,58,29,10,,
NHPC,28,49,2488,,
NHPC,28,3,1000,,
NHPC,28,38,100,,
NHPC,28,50,300,,
NHPC,28,34,217,,
CBBL,58,42,10,,
NHPC,28,49,300,,
NHPC,28,43,200,,
CBBL,38,42,10,,
NHPC,28,48,45,,
NHPC,28,1,100,,
NHPC,28,38,100,,
NHPC,28,48,50,,
NHPC,28,43,100,,
EBL,35,34,55,,
UHEWA,58,38,10,,
NESDO,28,5,10,,
ADBL,58,46,22,,
NUBL,6,42,44,,
NUBL,25,42,20,,
NUBL,52,42,36,,
RHGCL,58,22,10,,
RHGCL,35,7,10,,
JBLB,36,52,20,,
GLH,50,25,100,,
AKJCL,5,43,20,,
PPCL,22,56,10,,
RFPL,8,13,10,,
NIFRA,43,34,20,,
FMDBL,5,13,27,,
DORDI,41,38,10,,
SMB,49,35,20,,
RHGCL,58,49,10,,
UHEWA,58,32,10,,
RHGCL,49,40,10,,
RHGCL,49,49,10,,
RHGCL,49,29,10,,
SICL,51,25,20,,
SICL,39,25,20,,
SICL,58,25,10,,
SICL,58,25,10,,
SICL,58,25,36,,
NIFRA,42,34,12,,
SRBLD83,47,52,200,,
RHGCL,49,38,10,,
NESDO,28,28,100,,
EBL,35,29,500,,
RHGCL,49,58,10,,
JBBL,26,4,72,,
JBLB,36,34,20,,
JBBL,52,4,28,,
MFLD85,58,6,25,,
PRVU,35,50,365,,
PRVU,56,50,15,,
PRVU,41,50,20,,
PRVU,54,50,10,,
PRVU,47,50,140,,
RIDI,17,17,789,,
CBBL,58,28,10,,
GBBL,48,6,16,,
RIDI,40,17,11,,
RIDI,40,57,30,,
RIDI,40,58,4338,,
NLIC,17,13,10,,
GFCL,8,34,275,,
SHINE,42,56,63,,
SHINE,50,56,1000,,
SHINE,14,56,100,,
SHINE,1,56,200,,
SHINE,1,56,250,,
SHINE,29,56,500,,
SHINE,17,56,100,,
SHINE,52,56,457,,
SHINE,38,56,100,,
SHINE,43,56,100,,
SHINE,43,56,40,,
SHINE,57,56,90,,
NICA,57,34,10,,
NMB,33,44,19,,
RFPL,58,58,9,,
JBLB,36,8,10,,
HDL,1,16,35,,
USHEC,45,35,10,,
MHL,21,58,10,,
RHGCL,38,29,10,,
RHGCL,38,49,10,,
HDL,1,6,10,,
MLBL,51,34,100,,
KDBY,35,42,100,,
MBL,6,26,20,,
MBL,50,26,20,,
MBL,17,26,27,,
MBL,42,26,100,,
MBL,14,26,200,,
MBL,25,26,500,,
NGPL,3,32,200,,
PCBL,17,44,150,,
UPCL,7,56,200,,
UPCL,49,56,97,,
SWBBL,58,10,30,,
RLFL,49,35,40,,
NLICL,13,6,14,,
NLICL,3,6,25,,
NLICL,55,6,100,,
NLICL,58,6,100,,
NLICL,21,6,148,,
NRIC,5,57,10,,
NRIC,42,57,130,,
GUFL,34,19,200,,
GUFL,28,19,100,,
NHPC,58,48,157,,
NIFRA,38,19,100,,
HDL,39,48,10,,
NABIL,55,54,20,,
RHGCL,38,16,10,,
AKPL,43,19,10,,
RULB,5,58,10,,
SHIVM,50,57,34,,
NTC,57,58,2000,,
UHEWA,58,35,10,,
SHIVM,17,32,100,,
SAHAS,7,45,10,,
RHGCL,38,49,10,,
PFL,49,18,50,,
IGI,34,52,200,,
IGI,34,57,90,,
IGI,34,45,40,,
GBBL,48,34,184,,
ENL,59,6,100,,
SFCL,53,19,1000,,
SFCL,41,19,250,,
JBLB,45,58,13,,
RHGCL,44,16,10,,
RIDI,42,58,11,,
RLFL,41,35,600,,
RLFL,58,35,50,,
RLFL,26,35,100,,
RLFL,13,35,10,,
SHPC,41,4,100,,
UPPER,17,49,10,,
CGH,10,56,73,,
KDBY,35,49,100,,
NGPL,4,35,450,,
NTC,58,36,150,,
MEN,42,38,10,,
RHGCL,44,46,10,,
BHDC,45,34,10,,
BHDC,58,34,10,,
BHDC,50,34,210,,
GBBL,43,34,20,,
NIFRA,1,48,54,,
NGPL,4,22,50,,
NGPL,17,22,50,,
NRIC,6,13,20,,
SGHC,52,58,10,,
ICFC,41,13,10,,
HBL,4,49,47,,
UHEWA,58,57,10,,
RHGCL,44,32,10,,
NIFRA,1,54,300,,
SAHAS,7,35,10,,
GILB,39,4,15,,
SANIMA,41,1,100,,
GILB,42,4,20,,
RHGCL,44,16,10,,
SGHC,52,29,10,,
RHGCL,44,49,10,,
MBL,39,39,20,,
MBL,43,39,200,,
NABIL,47,25,26,,
NABIL,3,25,10,,
SSHL,36,56,325,,
UHEWA,58,58,10,,
NMFBS,45,34,34,,
HIDCL,58,55,96,,
NTC,58,58,94,,
NLIC,45,17,20,,
RLFL,45,35,500,,
RLFL,52,35,280,,
PFL,57,38,50,,
PFL,48,38,50,,
RHGCL,44,58,10,,
BBC,41,45,10,,
HIDCL,38,55,100,,
GBBL,14,34,50,,
UPPER,22,39,63,,
UPPER,8,39,37,,
CGH,10,45,65,,
RHGCL,38,58,10,,
RHGCL,44,58,10,,
BHDC,50,34,290,,
BHDC,28,34,500,,
BHDC,57,34,140,,
BHDC,34,34,70,,
GFCL,8,34,300,,
NLIC,51,6,67,,
NLIC,5,6,20,,
NLIC,42,6,90,,
NLIC,42,6,27,,
NLIC,57,6,24,,
NLIC,13,6,10,,
NLIC,58,6,10,,
NLIC,58,6,30,,
NLIC,42,6,50,,
NLIC,58,6,21,,
NLIC,46,6,100,,
NLIC,22,6,51,,
RIDI,16,58,1000,,
UHEWA,58,45,10,,
UHEWA,40,45,80,,
SGHC,52,4,10,,
MFIL,45,13,100,,
SGHC,52,29,10,,
LLBS,25,25,20,,
LLBS,14,25,100,,
LUK,14,45,5000,,
LUK,14,29,4000,,
LLBS,49,25,50,,
LLBS,14,25,20,,
LLBS,10,25,10,,
LLBS,48,25,200,,
LLBS,41,25,50,,
LLBS,41,25,50,,
CGH,7,45,50,,
RIDI,58,58,2000,,
HIDCL,58,55,10,,
HIDCL,58,55,10,,
HIDCL,28,55,184,,
NUBL,6,16,128,,
NABIL,55,19,30,,
SHEL,53,45,899,,
SHEL,51,45,10,,
SHEL,52,45,500,,
SHEL,38,45,50,,
SHEL,44,45,22,,
SHEL,20,45,100,,
NLBBL,35,28,12,,
TPC,39,52,190,,
CZBIL,41,48,100,,
API,11,33,80,,
API,58,33,100,,
API,37,33,100,,
API,13,33,300,,
API,41,33,200,,
API,35,33,41,,
API,17,33,39,,
API,22,33,100,,
UIC,58,5,160,,
UIC,46,5,100,,
UIC,58,5,10,,
UIC,1,5,200,,
UIC,41,5,30,,
UHEWA,40,52,10,,
MHL,34,34,10,,
UPPER,28,39,44,,
RIDI,58,58,2000,,
AKPL,42,10,400,,
AKPL,16,10,100,,
HIDCL,28,22,16,,
HIDCL,59,22,184,,
RHGCL,44,39,10,,
UPCL,49,25,79,,
UPCL,32,25,71,,
SBL,8,39,14,,
SBL,33,39,20,,
HDHPC,26,34,434,,
HDHPC,42,34,100,,
ADBL,41,58,74,,
ADBL,41,19,12,,
ADBL,41,19,14,,
RHGCL,44,38,10,,
MBL,38,34,100,,
BHL,44,47,10,,
UHEWA,40,45,100,,
SWBBL,42,19,20,,
SWBBL,51,19,50,,
SWBBL,33,19,10,,
SWBBL,33,19,100,,
SWBBL,51,19,500,,
SWBBL,39,19,20,,
SWBBL,41,19,50,,
SWBBL,14,19,50,,
NBL,13,49,376,,
NBL,37,49,300,,
NBL,22,49,100,,
NBL,13,49,30,,
NBL,1,49,180,,
NBL,57,49,10,,
NBL,13,49,30,,
NBL,45,49,100,,
NBL,25,49,35,,
NBL,58,49,10,,
NBL,58,49,50,,
NBL,17,49,779,,
CZBIL,42,48,50,,
NRIC,42,33,70,,
CBBL,6,28,15,,
CBBL,54,28,25,,
CBBL,52,28,30,,
RIDI,58,6,100,,
UHEWA,40,45,10,,
UHEWA,14,45,90,,
NLIC,22,57,74,,
GFCL,8,34,425,,
GFCL,44,34,10,,
MBL,34,34,250,,
GFCL,18,34,65,,
RIDI,50,58,2000,,
MBJC,34,38,10,,
SHIVM,17,57,300,,
NIL,4,6,350,,
NIL,41,6,50,,
NIL,14,6,20,,
NTC,54,58,50,,
UHEWA,14,58,10,,
RHGCL,44,58,10,,
RHGCL,34,42,10,,
NMBHF1,10,7,666,,
RHGCL,34,4,10,,
RULB,49,47,10,,
RHGCL,14,58,10,,
RHGCL,14,16,10,,
RIDI,58,58,415,,
RIDI,50,58,248,,
STC,49,44,20,,
RIDI,50,34,90,,
RIDI,50,58,100,,
RIDI,50,25,12,,
RIDI,50,43,50,,
RHGCL,14,7,10,,
NICLBSL,42,39,14,,
NICLBSL,17,39,36,,
JSLBB,7,44,80,,
RHGCL,14,58,10,,
KBL,4,49,10,,
KBL,14,49,20,,
BPCL,13,48,106,,
HIDCL,58,50,87,,
HIDCL,58,38,13,,
RHGCL,14,58,10,,
MNBBL,49,14,129,,
MNBBL,3,14,10,,
SHIVM,17,32,60,,
SHIVM,17,32,60,,
SHIVM,1,32,30,,
USHEC,45,6,10,,
GBBL,56,11,78,,
NIFRA,32,42,190,,
NIFRA,32,11,59,,
RHGCL,14,16,10,,
AHPC,38,39,37,,
AHPC,38,32,13,,
NABIL,49,54,10,,
UPCL,32,51,129,,
UPCL,58,51,236,,
UHEWA,14,57,10,,
ICFC,28,33,25,,
RHGCL,14,34,10,,
MFIL,1,57,90,,
LBBL,59,58,200,,
GBBL,14,34,24,,
GBBL,14,44,26,,
MBJC,42,19,10,,
SWBBL,33,10,20,,
NICA,14,39,100,,
SWBBL,58,10,50,,
NICBF,22,34,3375,,
NICBF,59,34,3000,,
BFC,43,53,25,,
AHPC,38,16,50,,
RADHI,42,17,40,,
RADHI,56,17,90,,
GFCL,18,42,85,,
GFCL,18,42,245,,
GFCL,44,42,20,,
GFCL,49,42,50,,
GFCL,59,42,100,,
NUBL,52,38,14,,
NUBL,47,38,50,,
RHPL,6,18,235,,
RHPL,43,18,200,,
RHPL,45,18,65,,
PROFL,52,58,600,,
GUFL,34,52,150,,
NIFRA,1,6,400,,
NIFRA,14,6,100,,
STC,54,16,30,,
RHGCL,14,44,10,,
UNHPL,33,7,150,,
UNHPL,17,7,10,,
CZBIL,37,48,150,,
NIFRA,46,11,200,,
SHPC,48,45,20,,
CIT,56,39,10,,
PCBL,42,44,200,,
RFPL,44,34,10,,
RFPL,36,34,100,,
RFPL,57,34,10,,
RFPL,58,34,50,,
RFPL,58,34,10,,
RFPL,44,34,80,,
RFPL,7,34,100,,
RFPL,28,34,30,,
RFPL,52,34,10,,
RFPL,38,34,100,,
RFPL,52,34,10,,
RFPL,52,34,10,,
RFPL,49,34,2000,,
RFPL,49,34,200,,
RFPL,49,34,690,,
RFPL,34,34,90,,
NLIC,7,13,290,,
IGI,7,45,10,,
RHGCL,14,45,10,,
IGI,55,10,30,,
ADBL,58,19,10,,
SAPDBL,11,22,170,,
JSLBB,16,44,20,,
NLIC,38,13,21,,
MFIL,39,42,15,,
RHGCL,14,58,10,,
GMFIL,53,13,2850,,
GMFIL,53,42,150,,
SBL,8,22,318,,
SBL,41,22,12,,
SBL,19,22,50,,
SBL,45,22,10,,
SBL,22,22,50,,
PMHPL,6,18,10,,
NBL,17,55,221,,
NBL,52,55,100,,
RFPL,34,34,10,,
PROFL,52,58,627,,
PROFL,52,58,973,,
USHEC,16,26,10,,
NABIL,38,54,20,,
NRIC,45,39,40,,
NRIC,28,39,54,,
NRIC,36,39,30,,
LBBL,59,44,165,,
LBBL,33,44,85,,
LBBL,35,44,50,,
MHL,34,1,10,,
SGHC,52,58,10,,
SWBBL,25,10,20,,
SWBBL,56,10,30,,
NIFRA,43,11,40,,
NIFRA,43,22,60,,
SGHC,52,48,10,,
UHEWA,14,45,10,,
UPPER,46,39,56,,
UPPER,46,39,100,,
UPPER,46,59,44,,
API,38,10,100,,
RHGCL,14,16,10,,
SHIVM,43,57,10,,
NTC,8,58,300,,
UPCL,58,10,50,,
UPCL,45,10,100,,
AKPL,45,25,200,,
API,17,58,161,,
API,46,58,39,,
PCBL,6,44,85,,
RIDI,58,57,20,,
FOWAD,54,48,50,,
FOWAD,47,48,25,,
FOWAD,55,48,10,,
NICA,49,6,24,,
NICA,49,6,15,,
NICA,45,6,40,,
NLICL,21,39,47,,
SHIVM,43,57,140,,
SHIVM,17,57,60,,
SKBBL,53,56,30,,
NLIC,3,13,30,,
NLBBL,50,49,26,,
NLBBL,50,13,50,,
PFL,1,13,200,,
KKHC,7,45,50,,
SPC,39,45,10,,
KKHC,42,45,20,,
NHPC,49,48,10,,
NRIC,32,33,10,,
SICL,17,49,50,,
CGH,49,45,10,,
CGH,29,45,10,,
CGH,26,45,15,,
SWBBL,41,10,30,,
RHGCL,14,38,10,,
RADHI,38,34,15,,
NICA,45,42,60,,
PPCL,36,33,100,,
PPCL,58,33,20,,
PPCL,14,33,300,,
PPCL,45,33,24,,
PPCL,17,33,20,,
PPCL,6,33,50,,
PPCL,22,33,100,,
PPCL,14,33,200,,
PPCL,43,33,30,,
PPCL,42,33,10,,
PPCL,54,33,10,,
SICL,58,13,50,,
NYADI,6,48,10,,
UPPER,8,34,163,,
NLIC,38,34,23,,
NLICL,21,26,305,,
NLICL,3,26,35,,
NLICL,29,26,100,,
NLICL,7,26,10,,
NLICL,45,26,50,,
STC,28,16,15,,
UMRH,42,21,25,,
UHEWA,14,44,10,,
RADHI,6,34,32,,
RADHI,6,34,191,,
RADHI,6,34,161,,
RADHI,6,34,93,,
RADHI,6,34,87,,
RADHI,6,34,257,,
RADHI,6,34,179,,
RIDI,58,56,500,,
EDBL,43,18,97,,
EDBL,33,18,50,,
EDBL,57,18,200,,
EDBL,56,18,153,,
UNHPL,45,45,20,,
NMFBS,11,29,20,,
NMFBS,45,29,10,,
NMFBS,13,29,90,,
NMFBS,8,29,20,,
NMFBS,52,29,50,,
NMFBS,41,29,10,,
NMFBS,10,29,100,,
ADBL,59,42,20,,
API,19,56,10,,
GBBL,53,44,50,,
GBBL,36,44,100,,
GBBL,48,44,100,,
GBBL,48,44,400,,
GBBL,19,44,48,,
GBBL,51,44,68,,
AKJCL,22,44,500,,
NCCB,46,6,420,,
NCCB,34,6,20,,
NCCB,39,6,200,,
NCCB,48,6,100,,
NCCB,49,6,100,,
NCCB,49,6,100,,
NCCB,16,6,50,,
NCCB,57,6,10,,
NICA,17,42,40,,
MFIL,6,13,40,,
MFIL,39,13,352,,
BPCL,8,44,14,,
NBL,38,55,54,,
NBL,1,55,25,,
NBL,34,55,100,,
SICL,49,48,5,,
SICL,49,38,25,,
USHEC,13,26,400,,
USHEC,56,26,10,,
USHEC,19,26,70,,
USHEC,28,26,10,,
RIDI,17,35,55,,
CZBIL,38,48,200,,
MLBL,34,34,90,,
GMFIL,45,42,50,,
AKJCL,57,28,420,,
SICL,44,58,7,,
SICL,44,33,43,,
HBL,46,49,20,,
RHGCL,14,55,10,,
ENL,49,34,10,,
GBBL,4,13,130,,
NICLBSL,58,57,20,,
DORDI,29,58,10,,
NFS,50,32,110,,
NFS,32,32,190,,
USHEC,28,53,30,,
NMB,33,13,144,,
CZBIL,16,48,70,,
NTC,58,58,40,,
CBBL,52,43,10,,
JBBL,52,57,172,,
RSDC,1,51,128,,
SJCL,48,3,1000,,
RIDI,58,10,300,,
CGH,10,45,10,,
CGH,16,45,40,,
CGH,59,45,50,,
NABIL,58,54,20,,
NABIL,58,54,25,,
SGHC,52,38,10,,
HBL,4,19,11,,
JSLBB,16,46,10,,
NTC,26,58,100,,
ENL,50,34,100,,
JOSHI,21,59,56,,
ICFC,39,33,500,,
ICFC,29,33,200,,
MBJC,19,6,10,,
UMRH,13,45,44,,
UMRH,34,45,50,,
UMRH,46,45,50,,
UMRH,11,45,26,,
UMRH,49,45,30,,
API,44,37,500,,
USHEC,28,38,10,,
SDLBSL,38,45,14,,
RIDI,39,10,285,,
RIDI,44,10,215,,
PRVU,25,14,11,,
NHPC,42,48,56,,
NHPC,6,48,100,,
NHPC,42,48,29,,
NHPC,34,48,500,,
NHPC,48,48,90,,
NHPC,34,48,100,,
NHPC,58,48,30,,
NHPC,21,48,50,,
NTC,14,28,99,,
MFIL,39,56,100,,
MFIL,34,56,90,,
FMDBL,5,56,73,,
SHPC,1,56,200,,
SHPC,58,56,100,,
NICL,5,32,10,,
LBL,32,56,120,,
RHGCL,58,7,10,,
MNBBL,47,6,91,,
MNBBL,58,6,45,,
MNBBL,4,6,100,,
MNBBL,45,6,25,,
MNBBL,57,6,10,,
MNBBL,53,6,25,,
MNBBL,42,6,25,,
MNBBL,45,6,49,,
MNBBL,13,6,130,,
HDHPC,53,6,250,,
HDHPC,53,58,337,,
JBBL,58,57,10,,
SHL,26,39,200,,
UHEWA,14,34,10,,
RHGCL,14,55,10,,
RADHI,58,34,36,,
RHGCL,34,58,10,,
UHEWA,14,10,10,,
MLBL,34,16,110,,
MLBL,54,16,320,,
MLBL,35,16,50,,
MLBL,45,16,25,,
MLBL,10,16,30,,
MLBL,8,16,100,,
MLBL,16,16,20,,
MLBL,42,16,100,,
MLBL,58,16,100,,
MLBL,19,16,145,,
CGH,50,45,40,,
RHGCL,34,16,10,,
RHGCL,34,16,10,,
NIFRA,1,57,54,,
JBBL,45,57,100,,
NIFRA,57,11,51,,
NIBLPF,59,22,10000,,
NIFRA,1,38,64,,
SBL,45,28,35,,
SBL,37,28,100,,
SBL,58,28,50,,
AKJCL,57,28,52,,
SBL,25,28,13,,
AKJCL,38,28,23,,
NBL,34,55,500,,
SHPC,43,45,100,,
RIDI,58,21,500,,
JALPA,44,39,100,,
JALPA,44,22,10,,
JALPA,44,52,40,,
AHPC,56,34,1450,,
MBJC,19,10,10,,
SHINE,57,6,10,,
USHEC,28,57,10,,
NFS,45,11,280,,
API,44,25,20,,
JOSHI,21,59,10,,
JOSHI,44,59,79,,
JOSHI,11,59,10,,
JOSHI,34,59,150,,
JOSHI,42,59,10,,
JOSHI,49,59,30,,
JOSHI,34,59,11,,
MNBBL,46,20,15,,
MNBBL,46,28,21,,
NIFRA,53,11,150,,
NIFRA,53,22,50,,
HHL,50,13,10,,
RSDC,1,33,50,,
SHEL,41,45,15,,
SHEL,52,45,40,,
SHEL,1,45,500,,
SHEL,8,45,10,,
SHEL,52,45,132,,
SHEL,43,45,100,,
SHEL,41,39,10,,
KRBL,22,26,500,,
NTC,58,28,100,,
UPPER,26,58,53,,
UPPER,48,58,30,,
UPPER,29,58,75,,
UPPER,45,58,50,,
UPPER,22,58,100,,
UPPER,13,58,40,,
UPPER,13,58,150,,
UPPER,32,58,25,,
HEI,41,33,25,,
HEI,54,33,100,,
HEI,10,33,50,,
ILBS,33,38,40,,
HEI,37,33,50,,
NESDO,28,52,10,,
USHEC,28,58,10,,
UHEWA,14,34,10,,
NICBF,45,10,10000,,
RIDI,58,21,500,,
UPPER,28,59,20,,
MFIL,34,57,110,,
ADBL,52,42,100,,
RHGCL,33,1,10,,
KSBBL,25,46,80,,
KSBBL,53,46,10,,
RFPL,49,10,10,,
NABIL,11,41,20,,
PCBL,42,44,10,,
MBL,42,34,50,,
SAHAS,7,56,10,,
SHIVM,17,10,200,,
NIFRA,1,45,529,,
NIFRA,42,45,106,,
CZBIL,57,48,15,,
JBBL,42,57,100,,
JBBL,58,57,18,,
JBBL,35,57,100,,
SGHC,50,52,100,,
SGHC,8,52,110,,
RADHI,56,59,160,,
KRBL,22,28,160,,
KRBL,59,28,655,,
CFCL,32,6,32,,
ADBL,4,19,16,,
BHDC,34,13,10,,
MEN,5,32,100,,
NESDO,28,48,80,,
NESDO,28,48,20,,
ENL,59,34,100,,
ENL,50,34,50,,
ENL,4,34,20,,
ENL,7,34,50,,
ENL,1,34,80,,
ENL,41,34,10,,
ENL,55,34,300,,
ENL,34,34,100,,
ENL,32,34,50,,
ENL,59,34,100,,
ENL,58,34,10,,
ENL,35,34,10,,
ENL,28,34,500,,
ENL,44,34,10,,
ENL,7,34,100,,
ENL,41,34,100,,
ENL,26,34,40,,
ENL,59,34,200,,
ENL,45,34,50,,
ENL,48,34,20,,
ENL,6,34,100,,
ENL,57,34,10,,
ENL,49,34,100,,
ENL,58,34,10,,
ENL,52,34,200,,
ENL,38,34,50,,
ENL,48,34,87,,
ENL,52,34,10,,
ENL,52,34,10,,
HDHPC,26,51,50,,
HDHPC,26,36,16,,
NLIC,38,48,16,,
PFL,51,38,20,,
HDHPC,53,36,84,,
HDHPC,53,29,100,,
HDHPC,53,17,150,,
HDHPC,53,42,166,,
MLBL,22,45,39,,
MLBL,22,56,21,,
CIT,57,38,10,,
NLIC,58,48,100,,
SHEL,41,56,65,,
SHEL,28,56,35,,
NIFRA,42,16,94,,
NIFRA,6,16,38,,
NIFRA,55,16,10,,
NIFRA,45,16,20,,
NIFRA,42,16,46,,
JBBL,35,35,10,,
JBBL,16,35,35,,
JBBL,41,35,80,,
JBBL,45,35,100,,
JBBL,44,35,10,,
JBBL,4,35,35,,
JBBL,55,35,200,,
JBBL,49,35,10,,
JBBL,50,35,20,,
JBBL,46,35,30,,
UMHL,59,49,300,,
UMHL,52,49,100,,
GVL,25,6,55,,
GVL,49,6,70,,
GVL,25,6,10,,
GVL,25,6,10,,
GVL,48,6,480,,
GVL,25,6,50,,
GVL,6,6,20,,
JBBL,46,38,70,,
RHPL,45,37,60,,
ALICL,6,8,120,,
GHL,11,1,125,,
PFL,51,32,80,,
NBL,34,55,1500,,
SGHC,8,10,10,,
RHGCL,14,4,10,,
SGHC,8,56,10,,
SGHC,8,45,10,,
PRVU,25,22,50,,
PRVU,25,49,19,,
NRIC,58,34,46,,
PCBL,19,44,34,,
PCBL,34,44,200,,
PCBL,49,44,70,,
PCBL,58,44,20,,
PCBL,26,44,18,,
UMRH,49,34,10,,
NTC,5,28,319,,
TPC,39,50,40,,
NIFRA,42,13,20,,
CGH,50,42,10,,
RHGCL,14,16,10,,
BPCL,57,1,216,,
BPCL,34,1,100,,
BPCL,39,1,34,,
RULB,57,46,10,,
JSLBB,16,45,50,,
LBBL,33,57,200,,
MHL,34,10,10,,
LEC,25,56,30,,
GVL,6,56,10,,
UPPER,25,59,20,,
MFIL,58,56,10,,
MFIL,58,50,40,,
JBBL,21,38,30,,
USHEC,28,38,10,,
JBBL,22,38,100,,
PRVU,42,49,30,,
GVL,6,10,10,,
NYADI,6,56,10,,
RHGCL,14,57,10,,
CORBL,22,42,55,,
MNBBL,13,52,40,,
SRBL,41,26,117,,
RIDI,44,25,285,,
RIDI,45,25,100,,
RIDI,49,25,50,,
RIDI,17,25,10,,
RIDI,55,25,100,,
RIDI,4,25,110,,
RIDI,58,25,200,,
RIDI,11,25,145,,
RIDI,11,34,255,,
RIDI,35,34,85,,
RIDI,44,34,500,,
RIDI,58,34,1000,,
RIDI,14,34,10,,
RIDI,14,34,50,,
RIDI,39,34,100,,
NTC,5,28,181,,
SGHC,1,46,10,,
DORDI,54,56,10,,
SCB,55,56,40,,
SCB,22,56,10,,
SCB,5,56,30,,
SCB,42,56,20,,
SCB,5,56,30,,
SCB,55,56,50,,
LBL,42,39,40,,
HEI,58,33,150,,
MFIL,34,57,200,,
MHL,34,48,10,,
HDL,58,16,10,,
NICA,29,13,10,,
FOWAD,55,5,90,,
FOWAD,11,5,10,,
SGHC,16,45,10,,
HDL,44,19,10,,
PRVU,59,49,264,,
PRVU,59,14,150,,
PRVU,59,6,305,,
PRVU,59,1,281,,
USHEC,47,56,60,,
BHL,43,56,10,,
LBBL,33,44,415,,
LBBL,58,44,85,,
NGPL,51,42,92,,
NGPL,44,42,268,,
NGPL,19,42,40,,
NGPL,47,42,100,,
ICFC,57,39,40,,
ICFC,35,39,20,,
ICFC,50,39,60,,
ICFC,58,39,50,,
ICFC,51,39,20,,
RHGCL,14,35,10,,
SHIVM,17,57,780,,
NESDO,28,52,10,,
BNHC,50,56,20,,
JBBL,32,38,135,,
HIDCL,59,34,95,,
API,46,16,1,,
API,46,44,99,,
NMB,33,52,216,,
RHGCL,14,10,10,,
SRBL,58,5,25,,
NBL,34,47,500,,
PRVU,41,1,80,,
PRVU,41,22,20,,
RHGCL,14,16,10,,
CFCL,32,47,283,,
CFCL,35,47,500,,
ADBL,11,55,20,,
CFCL,26,47,50,,
CFCL,17,47,200,,
CFCL,57,47,100,,
SPC,58,45,100,,
CFCL,20,47,100,,
CFCL,52,47,50,,
CFCL,21,47,10,,
CFCL,17,47,97,,
GIMES1,51,22,200,,
SRBL,45,5,50,,
RLFL,47,56,10,,
AHPC,56,36,490,,
NICLBSL,49,57,10,,
CGH,45,45,10,,
NLG,14,29,50,,
UHEWA,14,10,10,,
NBL,34,42,200,,
NRIC,57,39,50,,
NRIC,57,39,40,,
NMFBS,18,17,27,,
NUBL,47,25,50,,
NUBL,59,25,10,,
SICL,34,33,30,,
NUBL,6,25,10,,
NUBL,22,25,30,,
SCB,49,50,15,,
RHGCL,58,6,10,,
SCB,8,50,185,,
KEF,59,6,4900,,
KEF,16,6,5000,,
UPPER,58,59,90,,
GMFIL,45,45,100,,
RHGCL,58,38,10,,
RHGCL,58,52,10,,
SHIVM,17,25,200,,
PROFL,52,14,27,,
PROFL,34,14,100,,
PROFL,36,14,100,,
PROFL,49,14,23,,
PROFL,49,14,250,,
HIDCL,59,17,221,,
HIDCL,43,17,91,,
HBL,52,42,21,,
RHGCL,58,16,10,,
RHGCL,58,38,10,,
SRBL,48,5,200,,
SRBL,22,5,100,,
SRBL,17,5,327,,
NBL,34,42,200,,
NBL,58,42,200,,
NBL,6,42,100,,
SANIMA,42,42,226,,
LBL,42,58,172,,
LBL,21,58,50,,
RHGCL,58,49,10,,
AHPC,56,42,362,,
AHPC,35,42,70,,
AHPC,8,42,368,,
NUBL,42,16,20,,
ADBL,45,55,30,,
NGPL,49,6,100,,
SICL,26,33,137,,
NFS,32,58,10,,
NESDO,28,58,10,,
ALICL,6,45,80,,
ALICL,47,45,50,,
CGH,41,6,20,,
CGH,57,6,10,,
UHEWA,14,48,10,,
NESDO,28,52,10,,
LBBL,58,44,115,,
LBBL,37,44,85,,
BHL,43,58,10,,
HEI,58,22,200,,
NABIL,55,38,18,,
NABIL,49,38,50,,
NABIL,32,38,50,,
NABIL,38,38,50,,
NABIL,49,38,32,,
NABIL,3,38,10,,
NABIL,21,38,25,,
NABIL,42,38,25,,
NABIL,7,38,190,,
NABIL,14,38,100,,
NABIL,53,38,450,,
NTC,50,28,23,,
SINDU,17,48,500,,
MHL,34,45,60,,
IGI,57,28,200,,
SRBL,17,26,100,,
SBL,22,28,30,,
SCB,8,58,156,,
JSLBB,56,56,1,,
SANIMA,29,42,15,,
RHGCL,58,16,10,,
GUFL,6,50,30,,
BARUN,4,46,150,,
BARUN,28,46,50,,
SGHC,16,10,10,,
NTC,51,28,1000,,
LEC,6,56,10,,
CHCL,58,6,15,,
NTC,42,28,200,,
RHGCL,38,32,10,,
RHGCL,38,55,10,,
HEI,58,22,500,,
NABIL,46,41,29,,
NABIL,46,19,36,,
NMB,33,52,84,,
NTC,57,28,2000,,
JBLB,40,33,10,,
UMRH,48,33,50,,
MFIL,39,56,49,,
AKPL,42,45,200,,
SAHAS,51,10,10,,
GVL,50,18,45,,
SHINE,43,57,10,,
USHEC,47,32,10,,
NABIL,53,58,37,,
NABIL,58,58,90,,
NABIL,48,58,10,,
NABIL,49,58,60,,
NABIL,42,58,10,,
HEI,58,33,150,,
RHGCL,38,58,10,,
ICFC,51,32,200,,
NMB,33,52,225,,
NESDO,28,32,10,,
MLBS,8,10,10,,
NBL,55,57,92,,
NBL,45,57,35,,
RHGCL,38,58,10,,
RLFL,52,52,620,,
RLFL,34,52,70,,
RLFL,54,52,10,,
RHGCL,38,49,10,,
UMHL,13,6,115,,
LICN,7,58,483,,
LICN,37,58,50,,
LICN,57,58,17,,
LICN,13,58,50,,
JBBL,32,57,15,,
API,46,39,61,,
CBBL,26,43,10,,
HBL,17,42,100,,
HBL,17,6,200,,
USHEC,47,57,10,,
AKPL,42,6,100,,
FMDBL,25,33,20,,
RHGCL,25,43,40,,
USHEC,45,56,10,,
RHGCL,38,16,10,,
RHGCL,34,4,10,,
RIDI,21,35,30,,
RHGCL,58,43,10,,
SCB,8,52,30,,
USHEC,45,44,10,,
SHIVM,17,42,20,,
RIDI,14,59,450,,
RIDI,33,59,100,,
RIDI,59,59,300,,
RIDI,58,59,650,,
NLICL,45,10,50,,
SRBL,17,39,127,,
USHEC,45,58,10,,
USHEC,45,58,10,,
UPPER,28,59,30,,
USHEC,45,49,10,,
SANIMA,57,42,259,,
SANIMA,57,38,50,,
SANIMA,57,41,108,,
SANIMA,57,42,583,,
NTC,59,28,20,,
NCCB,42,11,29,,
SHIVM,17,53,250,,
SGHC,48,56,10,,
SGHC,48,38,10,,
SSHL,36,21,193,,
HDHPC,58,42,13,,
GHL,11,45,75,,
GHL,51,45,200,,
GHL,43,45,25,,
GHL,32,45,10,,
UHEWA,14,10,10,,
DDBL,36,6,10,,
PRVU,47,56,10,,
PRVU,41,56,90,,
RHGCL,19,43,20,,
JFL,7,28,50,,
JFL,6,28,300,,
JFL,47,28,50,,
JFL,8,28,504,,
RHGCL,39,55,10,,
RHGCL,39,6,10,,
MLBBL,44,55,257,,
NABIL,57,29,18,,
SPC,6,45,20,,
NRIC,19,33,20,,
HBL,4,25,100,,
NMBHF1,21,34,4161,,
MHL,21,7,100,,
SBL,6,22,60,,
MLBBL,44,55,180,,
MLBBL,29,55,10,,
MLBBL,47,55,10,,
MLBBL,4,55,20,,
MLBBL,43,55,90,,
NIFRA,42,58,14,,
NIFRA,48,58,50,,
NRIC,57,16,10,,
GMFIL,45,34,65,,
NTC,17,28,300,,
ALICL,59,39,26,,
RHGCL,1,56,10,,
NYADI,6,32,10,,
RIDI,21,42,20,,
NFS,48,59,58,,
NFS,4,59,330,,
NFS,38,59,40,,
NFS,35,59,72,,
MNBBL,13,16,30,,
NLIC,45,48,50,,
RIDI,58,21,350,,
BHDC,34,21,10,,
RIDI,38,21,50,,
RIDI,44,21,40,,
PRVU,41,3,30,,
MMF1,51,35,100,,
AHPC,8,22,165,,
USHEC,41,38,10,,
NICA,6,51,130,,
NLICL,58,10,20,,
NLICL,57,10,30,,
AKPL,42,32,68,,
AKPL,26,32,60,,
AKPL,36,32,55,,
AKPL,48,32,817,,
RHGCL,1,58,10,,
RHGCL,44,43,10,,
NBL,41,45,106,,
NIFRA,51,58,2,,
NIFRA,38,58,32,,
NIFRA,58,58,20,,
HIDCLP,17,52,40,,
HIDCLP,47,52,1000,,
HIDCLP,25,52,1000,,
HIDCLP,25,52,1000,,
HIDCLP,8,52,50,,
HIDCLP,55,52,1000,,
HIDCLP,38,52,300,,
HIDCLP,26,52,200,,
HIDCLP,50,52,200,,
HIDCLP,55,52,200,,
HIDCLP,25,52,10,,
NESDO,28,35,10,,
RIDI,44,38,60,,
RIDI,32,38,40,,
BFC,43,53,120,,
BFC,53,53,100,,
BFC,49,53,200,,
BFC,26,53,30,,
BFC,43,53,10,,
BFC,5,53,40,,
AKJCL,41,4,180,,
AKJCL,59,4,20,,
UPCL,58,41,14,,
NIFRA,50,22,100,,
ACLBSL,35,45,37,,
NRIC,35,16,19,,
MHL,58,34,10,,
HIDCL,55,58,10,,
MHL,58,49,10,,
PSF,16,58,200,,
RFPL,49,13,40,,
RFPL,52,13,10,,
RFPL,21,13,10,,
NIFRA,38,58,54,,
NESDO,41,28,50,,
NESDO,19,28,10,,
NESDO,58,28,85,,
AHPC,48,22,100,,
ULBSL,49,52,10,,
ULBSL,43,52,10,,
MFIL,39,48,399,,
MFIL,34,48,110,,
NTC,49,28,30,,
NABIL,22,19,15,,
NABIL,22,38,15,,
NBL,29,1,200,,
SHIVM,5,25,100,,
LICN,25,49,10,,
API,35,56,20,,
GUFL,51,51,190,,
GUFL,51,54,10,,
NIFRA,38,55,14,,
NIFRA,54,55,11,,
NIFRA,38,55,11,,
UHEWA,14,58,10,,
GVL,50,59,10,,
GVL,50,58,10,,
GUFL,52,54,10,,
GUFL,52,13,10,,
NABIL,57,57,23,,
NABIL,42,57,20,,
NABIL,58,57,50,,
SHEL,28,39,200,,
SHINE,39,32,46,,
NESDO,58,19,10,,
NABIL,11,38,15,,
UMHL,13,58,84,,
AKPL,48,34,48,,
AKPL,16,34,10,,
MFIL,34,52,90,,
SGHC,59,41,10,,
DORDI,54,58,10,,
PCBL,45,44,50,,
HIDCL,43,17,64,,
HIDCL,57,17,152,,
HIDCL,8,17,51,,
HIDCL,53,17,30,,
HIDCL,58,17,10,,
NIFRA,38,59,39,,
NIFRA,49,59,15,,
HHL,50,13,60,,
BHDC,34,49,10,,
PMHPL,44,7,10,,
MDB,4,5,500,,
RFPL,21,45,10,,
CZBIL,32,1,325,,
NICA,49,39,26,,
NICA,22,39,35,,
LBBL,41,28,100,,
KRBL,59,7,50,,
SRBL,17,35,446,,
BHDC,34,6,10,,
SHPC,38,44,10,,
API,6,34,24,,
UMHL,22,58,16,,
NIFRA,57,55,10,,
NMB,33,7,108,,
BFC,5,50,10,,
UPPER,32,32,10,,
HIDCL,43,13,33,,
NESDO,19,59,10,,
BHDC,34,58,10,,
NTC,57,28,2000,,
SMB,35,19,25,,
UHEWA,58,10,10,,
PCBL,3,44,50,,
MBJC,19,45,10,,
LEC,45,56,100,,
HDL,38,4,10,,
HDL,44,4,133,,
SRBL,49,19,85,,
SHIVM,17,4,350,,
SHIVM,45,4,20,,
RHGCL,36,45,10,,
CFCL,52,56,10,,
MDB,55,48,500,,
RIDI,32,38,300,,
NHPC,21,48,50,,
NHPC,48,48,100,,
NHPC,38,48,100,,
NHPC,59,48,25,,
NHPC,8,48,500,,
NHPC,25,48,100,,
NHPC,34,48,500,,
NHPC,25,48,476,,
NHPC,45,48,15,,
NHPC,38,48,30,,
NHPC,32,48,1000,,
NHPC,14,48,700,,
NHPC,43,48,90,,
NHPC,1,48,110,,
NHPC,43,48,80,,
NHPC,39,48,124,,
NRN,32,45,870,,
NRN,1,45,20,,
NIFRA,49,58,14,,
NIFRA,19,58,20,,
NIFRA,57,58,20,,
DORDI,54,32,10,,
SGHC,8,56,10,,
RHGCL,58,43,90,,
RHGCL,58,6,10,,
RHGCL,58,6,10,,
RHGCL,58,6,10,,
RHGCL,58,6,10,,
RHGCL,58,35,10,,
RHGCL,58,32,10,,
AHPC,52,39,20,,
CIT,56,49,10,,
MERO,22,57,20,,
HHL,58,58,10,,
UPCL,36,41,36,,
RFPL,34,57,10,,
NABIL,1,19,39,,
NABIL,1,34,35,,
NABIL,1,16,50,,
NABIL,1,11,26,,
NMB,33,52,75,,
NMB,33,19,15,,
DHPL,35,22,40,,
DHPL,35,19,50,,
DHPL,35,56,10,,
NIFRA,43,55,104,,
ULBSL,22,50,10,,
SJCL,38,33,60,,
CFCL,17,44,103,,
API,57,34,37,,
NIFRA,43,58,54,,
UPPER,32,22,65,,
UPPER,42,22,15,,
UPPER,16,22,50,,
UPPER,58,22,10,,
UPPER,34,22,30,,
UPPER,56,22,40,,
UPPER,41,22,30,,
UPPER,55,22,2000,,
UPPER,41,22,50,,
UPPER,58,22,100,,
UPPER,33,22,80,,
UPPER,26,22,200,,
UPPER,49,22,100,,
UPPER,38,22,30,,
UPPER,43,22,200,,
API,58,34,50,,
API,48,34,50,,
API,5,34,100,,
NMFBS,18,28,18,,
NMFBS,34,28,10,,
SANIMA,49,42,10,,
ACLBSL,6,14,15,,
SCB,8,19,50,,
UHEWA,14,10,10,,
GBBL,19,11,14,,
SICL,58,59,14,,
PCBL,1,44,500,,
MDB,41,33,100,,
RHGCL,19,17,10,,
RHGCL,19,42,10,,
RHGCL,19,49,10,,
RHGCL,19,7,10,,
RHGCL,19,41,10,,
RHGCL,19,58,10,,
RHGCL,19,6,10,,
RHGCL,19,7,10,,
RHGCL,19,48,10,,
RHGCL,19,32,10,,
HHL,33,45,10,,
SGHC,8,49,10,,
NTC,48,28,1000,,
NIFRA,43,58,42,,
NIFRA,43,58,12,,
PCBL,22,44,15,,
PCBL,44,44,100,,
PCBL,35,44,35,,
HHL,50,21,10,,
MLBL,49,56,25,,
SRBL,49,35,500,,
SRBL,1,35,334,,
AHPC,8,16,467,,
AHPC,19,16,13,,
AHPC,58,16,500,,
AHPC,25,16,20,,
RIDI,58,58,270,,
RIDI,58,47,30,,
CBBL,59,51,70,,
CBBL,58,51,50,,
CBBL,58,51,10,,
CBBL,49,51,170,,
MFIL,34,50,100,,
SHINE,57,6,385,,
SGHC,8,59,10,,
ENL,48,57,13,,
ENL,48,57,90,,
ENL,48,57,100,,
ENL,52,57,10,,
ENL,49,57,50,,
ENL,59,57,10,,
ENL,58,57,27,,
ENL,48,57,30,,
ENL,14,57,500,,
ENL,49,57,100,,
ENL,28,57,50,,
ENL,52,57,10,,
ENL,52,57,10,,
RULB,28,58,10,,
NHDL,7,6,10,,
NRN,42,45,10,,
NRN,46,45,70,,
NRN,48,45,500,,
NRN,34,45,100,,
NRN,55,45,10,,
NRN,14,45,1000,,
NRN,20,45,40,,
NRN,41,45,500,,
RHGCL,42,57,10,,
NRN,33,45,50,,
NRN,38,45,20,,
NRN,22,45,15,,
NRN,45,45,100,,
SBL,7,38,7,,
SBL,7,14,43,,
SBL,7,49,50,,
SBL,7,39,100,,
UPPER,51,59,15,,
MPFL,22,14,112,,
MPFL,21,14,100,,
MPFL,52,14,100,,
MPFL,22,14,286,,
MPFL,21,14,52,,
MPFL,6,14,350,,
NIFRA,43,58,54,,
RHGCL,42,49,10,,
UPCL,36,45,74,,
UPCL,36,22,90,,
NFS,50,45,50,,
NFS,40,45,40,,
HIDCL,43,28,147,,
MNBBL,49,16,20,,
PPCL,14,56,180,,
MFIL,34,57,20,,
SPDL,32,39,20,,
SPC,28,45,80,,
NABIL,44,11,20,,
BHDC,34,32,10,,
PMHPL,6,22,80,,
NABBC,45,16,50,,
SLBBL,35,34,200,,
NIFRA,56,44,5,,
NIFRA,50,44,19,,
NIFRA,50,6,41,,
NICLBSL,49,57,10,,
NTC,14,28,20,,
PCBL,49,8,50,,
DORDI,54,58,10,,
KRBL,34,32,420,,
MLBL,53,56,25,,
HIDCLP,35,59,100,,
SPDL,11,57,182,,
SPDL,57,57,105,,
SPDL,58,57,13,,
NTC,34,28,101,,
SBL,46,58,100,,
USHEC,41,6,10,,
NHPC,1,48,200,,
UHEWA,14,58,10,,
GVL,50,21,10,,
RMDC,16,6,10,,
NABBC,45,46,95,,
NABBC,45,39,20,,
SANIMA,56,42,26,,
SANIMA,56,7,24,,
NIFRA,43,6,59,,
SRBL,45,6,50,,
NIFRA,43,38,54,,
NIFRA,22,38,10,,
NTC,19,28,50,,
RHPL,45,32,375,,
RHPL,42,32,40,,
RHPL,41,32,25,,
RHPL,45,32,50,,
RHPL,5,32,10,,
HIDCL,45,28,200,,
HIDCL,28,28,169,,
GHL,32,26,40,,
ULBSL,22,22,10,,
DDBL,19,38,30,,
LBBL,37,48,15,,
RHGCL,42,53,10,,
UPCL,58,22,500,,
NBL,41,35,30,,
HDHPC,45,59,100,,
HDHPC,19,59,500,,
HDHPC,43,59,395,,
HIDCL,28,13,11,,
HIDCL,58,13,89,,
NTC,57,28,2000,,
KEF,59,50,100,,
RHGCL,28,21,10,,
CIT,14,34,20,,
MBJC,25,44,10,,
SBL,25,43,87,,
SBL,1,43,20,,
SBL,34,43,83,,
SBL,5,43,30,,
SBL,43,43,100,,
SBL,5,43,30,,
SBL,34,43,20,,
SBL,34,43,500,,
SBL,16,43,50,,
SBL,32,43,50,,
SBL,45,43,30,,
RIDI,13,58,100,,
HDHPC,29,42,30,,
USHEC,41,57,10,,
CZBIL,22,48,100,,
NFS,40,59,60,,
NFS,51,59,50,,
NFS,34,59,100,,
NFS,29,59,10,,
NFS,8,59,50,,
NFS,58,59,200,,
NFS,53,59,700,,
NFS,14,59,20,,
NFS,38,59,10,,
NFS,58,59,300,,
API,39,39,20,,
SCB,8,29,22,,
SCB,55,29,16,,
AKPL,48,57,500,,
JSLBB,16,17,11,,
CZBIL,32,48,103,,
SAHAS,32,21,10,,
ILBS,21,38,10,,
PRVU,45,1,10,,
PRVU,45,51,40,,
SAHAS,32,4,10,,
NHPC,39,56,50,,
NHPC,34,56,50,,
NICLBSL,42,57,30,,
HDL,59,11,1,,
EBL,35,26,649,,
JBLB,57,58,17,,
PMHPL,44,22,10,,
MHL,21,58,10,,
USHEC,41,38,10,,
SGHC,8,34,10,,
UPPER,11,59,100,,
UPPER,49,59,100,,
UPPER,53,59,150,,
UPPER,34,59,100,,
UPPER,45,59,50,,
UPPER,11,59,90,,
RBCL,17,57,10,,
RIDI,50,58,3000,,
HIDCL,58,45,11,,
JBBL,29,38,15,,
SBL,49,40,5,,
PRVU,41,29,100,,
MHL,21,38,10,,
BHDC,34,33,100,,
EBL,35,7,50,,
RHGCL,21,44,10,,
UNHPL,50,45,40,,
UPPER,56,59,101,,
UPPER,38,59,50,,
UPPER,58,59,100,,
UPPER,17,59,330,,
UPPER,57,59,23,,
TPC,39,45,10,,
NICLBSL,17,7,14,,
RADHI,38,39,15,,
SGHC,8,58,10,,
SAHAS,32,33,79,,
GVL,50,6,10,,
DORDI,58,38,10,,
USHEC,41,55,10,,
MLBL,19,11,10,,
MLBSL,57,21,10,,
MLBSL,42,21,10,,
BHL,43,58,10,,
HEI,50,52,94,,
HEI,51,52,100,,
UPCL,38,22,100,,
IGI,13,21,336,,
NIFRA,39,39,4,,
JSLBB,16,17,11,,
NIFRA,22,44,12,,
HDL,44,59,32,,
MHL,21,45,10,,
NIFRA,58,44,10,,
UHEWA,14,58,10,,
API,13,39,100,,
NICLBSL,19,41,10,,
SGHC,8,32,10,,
MERO,19,7,13,,
GBBL,48,52,100,,
API,7,39,82,,
PCBL,40,6,150,,
PCBL,40,34,100,,
CZBIL,45,48,50,,
RHGCL,21,47,10,,
SMATA,47,58,26,,
HHL,33,58,10,,
NIFRA,39,51,4,,
GLH,22,38,10,,
JOSHI,35,59,20,,
JOSHI,43,59,700,,
JOSHI,34,59,185,,
JOSHI,58,59,50,,
ULBSL,48,49,10,,
UPPER,17,45,10,,
SFCL,41,52,750,,
MERO,38,7,18,,
HHL,22,45,10,,
RLFL,38,48,20,,
SHPC,37,49,10,,
SHPC,37,44,10,,
NHPC,8,48,10,,
NTC,57,28,2000,,
LICN,45,35,50,,
GVL,50,32,10,,
GBBL,19,35,100,,
HDHPC,58,59,200,,
HDHPC,41,59,100,,
HDHPC,11,59,200,,
SMATA,16,38,10,,
CIT,57,34,59,,
CIT,10,34,10,,
CIT,55,34,11,,
GUFL,28,13,30,,
GUFL,28,54,40,,
JBLB,49,58,10,,
GBLBS,34,45,20,,
SPC,28,45,20,,
AHPC,50,34,300,,
AHPC,58,34,200,,
BHDC,34,45,10,,
SADBL,42,52,250,,
SADBL,21,52,100,,
SADBL,38,52,200,,
EBL,35,53,88,,
HPPL,13,14,500,,
KSBBL,4,58,50,,
UIC,34,52,21,,
RFPL,51,58,10,,
HDHPC,29,42,10,,
SAHAS,6,22,150,,
AKPL,48,40,300,,
NICA,28,51,20,,
PRVU,41,39,80,,
PRVU,57,39,20,,
LBL,51,56,20,,
NHPC,43,48,118,,
SHINE,29,6,15,,
UHEWA,14,6,10,,
MPFL,53,57,50,,
NRIC,57,6,35,,
NLIC,25,55,50,,
NLIC,25,57,80,,
HDL,44,48,35,,
NLIC,25,54,421,,
LUK,1,29,1000,,
PPCL,58,41,10,,
JFL,8,38,496,,
JFL,58,38,180,,
JFL,49,38,13,,
JFL,47,38,11,,
FOWAD,34,51,100,,
FOWAD,5,51,10,,
FOWAD,42,51,190,,
FOWAD,42,51,10,,
UNHPL,50,58,20,,
NRIC,49,44,20,,
UNHPL,50,21,100,,
UNHPL,50,7,340,,
NRIC,26,6,10,,
BARUN,38,53,50,,
LBL,58,56,20,,
API,51,39,12,,
PFL,28,22,10,,
RMF1,45,58,126,,
NLIC,45,54,75,,
DORDI,58,56,10,,
NIFRA,38,44,10,,
IGI,10,21,30,,
RHGCL,58,53,10,,
NICLBSL,19,34,10,,
RHGCL,8,38,10,,
RHGCL,28,56,10,,
IGI,7,21,20,,
IGI,45,21,218,,
IGI,45,21,10,,
HPPL,13,48,65,,
HPPL,25,48,10,,
HPPL,46,48,30,,
HPPL,54,48,300,,
RHGCL,28,49,10,,
RHGCL,28,38,10,,
NLIC,35,54,16,,
GUFL,28,54,60,,
ICFC,38,14,100,,
RHGCL,28,38,10,,
UHEWA,14,48,10,,
MLBSL,57,21,10,,
MFIL,34,52,10,,
MFIL,34,34,90,,
LICN,54,49,20,,
MBL,32,51,1125,,
API,14,37,500,,
UPCL,38,22,100,,
NICA,16,39,200,,
NICA,54,39,30,,
SAHAS,6,51,10,,
UHEWA,14,56,10,,
HPPL,46,47,100,,
SAHAS,6,47,10,,
RHGCL,28,6,10,,
NICA,46,39,13,,
NICA,46,29,20,,
KSBBL,45,58,11,,
HDL,47,48,20,,
NLIC,39,39,1,,
IGI,19,21,50,,
CZBIL,40,48,75,,
SPDL,58,57,202,,
BPCL,8,26,304,,
BPCL,21,26,10,,
BPCL,32,26,10,,
BPCL,58,26,100,,
BPCL,40,26,10,,
BPCL,17,26,200,,
BPCL,21,26,10,,
BPCL,6,26,200,,
BPCL,34,26,100,,
PCBL,46,34,100,,
BPCL,36,26,40,,
BPCL,53,26,200,,
BPCL,33,26,100,,
MBL,32,51,875,,
MBL,32,51,625,,
HHL,22,56,10,,
JSLBB,16,25,13,,
NTC,57,28,2000,,
NMBMF,29,47,12,,
MEN,59,57,10,,
NICLBSL,19,34,10,,
RMDC,53,52,23,,
KMCDB,34,25,200,,
HPPL,41,47,100,,
SHIVM,17,21,140,,
RHGCL,28,49,10,,
MNBBL,49,16,100,,
AKPL,48,34,95,,
AKPL,6,34,405,,
MFIL,34,50,100,,
NHPC,26,48,180,,
NHPC,26,38,50,,
SLBBL,35,44,228,,
SHIVM,38,21,100,,
NABIL,1,11,100,,
BHDC,38,32,10,,
CFCL,21,44,97,,
CFCL,6,44,103,,
GUFL,38,56,46,,
GUFL,38,28,54,,
HDL,40,48,20,,
MMFDB,44,56,20,,
HDL,49,16,20,,
HDL,1,16,75,,
KDBY,35,58,100,,
NLIC,13,54,114,,
SLBBL,13,44,100,,
IGI,47,21,100,,
PROFL,41,36,20,,
PROFL,41,26,20,,
SBI,8,1,100,,
SBI,54,1,50,,
SBI,52,1,50,,
SBI,58,1,25,,
SBI,55,1,90,,
SBI,34,1,50,,
SBI,8,1,1000,,
SBI,43,1,100,,
SBI,7,1,30,,
SBI,37,1,100,,
SBI,32,1,10,,
SBI,11,1,11,,
SBI,43,1,79,,
NABIL,56,11,10,,
NLIC,57,54,10,,
HBL,42,6,100,,
PROFL,49,57,50,,
PROFL,34,57,20,,
SJCL,45,33,30,,
HHL,22,58,10,,
SMB,39,39,3,,
NTC,58,28,175,,
NLBBL,34,13,50,,
NLBBL,34,26,100,,
ICFC,32,42,200,,
GBLBS,34,45,40,,
PPCL,29,56,20,,
RHGCL,28,16,10,,
USHEC,28,10,10,,
AKPL,6,7,95,,
RHGCL,28,34,10,,
API,54,39,100,,
NESDO,28,35,10,,
LBBL,29,58,25,,
LBL,57,56,10,,
NRIC,16,6,22,,
UMRH,55,57,50,,
CFCL,6,44,97,,
CFCL,11,44,103,,
KSBBL,45,48,10,,
BHL,43,22,10,,
NCCB,56,57,10,,
NCCB,56,58,43,,
KBL,4,58,91,,
KBL,53,58,50,,
KBL,45,58,10,,
KBL,59,58,20,,
KBL,17,58,200,,
KBL,26,58,10,,
KBL,58,58,30,,
KBL,52,58,60,,
KBL,42,58,500,,
NRIC,45,6,100,,
KBL,49,58,50,,
NRIC,52,6,20,,
KBL,10,58,70,,
NRIC,22,6,10,,
KBL,29,58,20,,
NRIC,17,6,160,,
KBL,6,58,100,,
NRIC,42,6,350,,
KBL,42,58,30,,
NRIC,1,6,50,,
KBL,45,58,30,,
NRIC,58,6,100,,
KBL,52,58,20,,
NRIC,46,6,40,,
NRIC,11,6,10,,
KBL,49,58,500,,
NRIC,7,6,50,,
KBL,34,58,200,,
NRIC,51,6,20,,
KBL,45,58,100,,
NRIC,49,6,125,,
KBL,10,58,10,,
NRIC,51,6,100,,
KBL,38,58,450,,
NRIC,38,6,100,,
KBL,22,58,25,,
NRIC,57,6,250,,
KBL,49,58,100,,
NRIC,43,6,80,,
KBL,42,58,100,,
NRIC,56,6,123,,
KBL,17,58,50,,
NRIC,19,6,35,,
KBL,14,58,100,,
KBL,19,58,200,,
KBL,1,58,300,,
KBL,5,58,30,,
KBL,33,58,25,,
KBL,3,58,50,,
KBL,13,58,100,,
KBL,40,58,100,,
KBL,45,58,200,,
KBL,6,58,69,,
SHPC,3,44,10,,
RIDI,32,58,5000,,
NTC,26,28,500,,
NTC,49,28,100,,
NTC,19,28,200,,
NTC,58,28,100,,
RHGCL,28,38,10,,
MHL,45,57,10,,
UHEWA,14,49,10,,
UPCL,33,22,500,,
NABIL,53,17,13,,
CBBL,49,43,10,,
SICL,5,46,4,,
NABIL,7,17,50,,
BHL,43,4,10,,
HHL,22,49,10,,
SHIVM,38,22,80,,
RHGCL,28,16,10,,
MKLB,42,56,10,,
RHGCL,8,57,10,,
SAHAS,6,45,10,,
SANIMA,16,7,100,,
HDHPC,22,42,100,,
AKJCL,59,54,180,,
CHCL,19,49,500,,
CHCL,11,49,100,,
CHCL,55,49,10,,
CHCL,58,49,20,,
CHCL,58,49,10,,
CHCL,57,49,20,,
CHCL,40,49,50,,
CHCL,55,49,100,,
CHCL,37,49,100,,
CHCL,22,49,150,,
CHCL,55,49,30,,
LLBS,49,36,50,,
LLBS,25,36,131,,
JSLBB,16,34,31,,
SLBBL,13,44,100,,
MPFL,57,10,500,,
MBJC,58,47,10,,
MHL,35,35,10,,
NABIL,39,39,7,,
LICN,57,14,33,,
RHGCL,8,6,10,,
CHCL,55,29,10,,
CHCL,5,29,200,,
CHCL,58,29,50,,
CHCL,33,29,200,,
CHCL,33,29,50,,
CHCL,11,29,89,,
HIDCL,52,32,40,,
MHL,35,4,10,,
UHEWA,14,46,10,,
MHL,35,42,60,,
ICFC,58,14,100,,
HHL,22,56,10,,
RFPL,49,34,240,,
RFPL,52,34,100,,
RFPL,52,34,100,,
HDHPC,44,42,100,,
RFPL,34,34,20,,
NCCB,21,39,82,,
EBL,46,53,100,,
UHEWA,14,20,10,,
CHCL,11,26,911,,
CHCL,49,26,20,,
CHCL,25,26,520,,
CHCL,42,26,40,,
CHCL,16,26,200,,
CHCL,58,26,60,,
RADHI,4,14,407,,
RADHI,8,14,10,,
RADHI,7,14,200,,
RADHI,17,14,19,,
RADHI,53,14,250,,
RADHI,48,14,146,,
RHGCL,17,16,10,,
RADHI,54,14,50,,
MERO,38,39,22,,
ADBL,58,19,30,,
API,49,39,25,,
SRBL,1,7,166,,
SRBL,36,7,134,,
NCCB,21,58,1901,,
NCCB,52,58,100,,
NCCB,14,58,200,,
NCCB,7,58,50,,
NCCB,50,58,40,,
NCCB,46,58,100,,
NCCB,26,58,200,,
NCCB,44,58,228,,
NCCB,45,58,171,,
NCCB,5,58,10,,
SHIVM,16,22,50,,
DORDI,56,56,10,,
AHPC,25,22,35,,
AHPC,25,57,55,,
AHPC,25,17,60,,
NICA,48,7,25,,
NICA,46,7,100,,
HDL,58,38,15,,
HIDCL,8,32,60,,
MPFL,47,34,100,,
KBL,57,7,40,,
UPCL,49,22,100,,
UHEWA,14,4,10,,
HDHPC,38,42,25,,
KBL,6,58,4931,,
KBL,45,58,20,,
KBL,55,58,100,,
KBL,22,58,100,,
KBL,39,58,50,,
KBL,49,58,20,,
KBL,34,58,10,,
KBL,17,58,15,,
KBL,55,58,300,,
KBL,25,58,10,,
KBL,58,58,444,,
NESDO,28,17,10,,
HDL,35,38,10,,
HDL,25,38,60,,
HDL,42,38,10,,
HDL,34,38,25,,
KBL,58,58,56,,
SPDL,58,49,355,,
NLIC,16,54,50,,
NRIC,19,46,40,,
NABIL,58,17,100,,
NABIL,48,17,15,,
NABIL,59,17,262,,
UPCL,49,39,162,,
NABIL,32,11,99,,
NABIL,32,4,401,,
RIDI,58,58,30,,
NMB,57,19,75,,
RHGCL,51,39,10,,
RIDI,43,58,30,,
NABIL,59,41,10,,
KBL,29,7,50,,
JBLB,1,17,10,,
SRBL,6,35,2000,,
JBLB,34,45,15,,
UHEWA,14,7,10,,
NABIL,59,17,228,,
NABIL,59,17,222,,
NABIL,36,17,50,,
NABIL,32,4,200,,
NABIL,32,6,250,,
NABIL,32,19,30,,
NABIL,32,42,20,,
RIDI,19,58,50,,
GUFL,38,28,80,,
SBCF,46,7,100,,
SBCF,14,7,400,,
HDL,1,48,20,,
SAHAS,6,58,10,,
NRN,16,48,70,,
HEI,7,57,20,,
RLFL,39,39,2,,
NIFRA,22,38,26,,
MBL,17,41,23,,
MBL,58,41,100,,
MBL,58,41,1150,,
MBL,32,41,80,,
MBL,14,41,100,,
MBL,52,41,90,,
RHGCL,49,6,10,,
BPCL,34,57,30,,
GBILD86/87,47,6,25,,
SRBL,1,35,300,,
AKPL,48,58,240,,
AKPL,14,58,500,,
AKPL,33,58,200,,
AKPL,51,58,10,,
AKPL,45,58,50,,
RHGCL,49,39,10,,
TPC,43,19,140,,
TPC,19,19,20,,
TPC,29,19,50,,
TPC,32,19,200,,
TPC,19,19,20,,
TPC,52,19,10,,
TPC,42,19,50,,
API,48,45,50,,
API,8,45,50,,
UPCL,34,39,100,,
PICL,10,26,30,,
KBL,42,7,10,,
UNHPL,50,7,500,,
RHGCL,49,6,10,,
NRN,22,22,20,,
NHPC,43,38,50,,
AKPL,49,7,10,,
UHEWA,41,21,10,,
RADHI,38,34,20,,
LEC,35,32,683,,
LEC,6,32,50,,
LEC,1,32,90,,
LEC,26,32,1000,,
LEC,37,32,177,,
RHGCL,19,38,10,,
RLFL,39,11,2,,
ADBL,58,32,23,,
ADBL,58,42,12,,
SABSL,59,22,21,,
MLBSL,42,21,10,,
MLBSL,1,21,30,,
NHPC,43,14,100,,
FMDBL,22,58,60,,
SRBL,41,35,150,,
RADHI,48,51,54,,
RADHI,22,51,100,,
RADHI,42,51,26,,
RADHI,38,51,20,,
EDBL,45,18,400,,
RADHI,7,22,40,,
JBBL,49,38,350,,
JBBL,33,38,500,,
PMHPL,26,53,61,,
RIDI,34,58,111,,
JALPA,28,45,10,,
UPPER,32,22,35,,
NABIL,59,20,96,,
NABIL,5,20,10,,
MNBBL,33,11,100,,
RHGCL,19,6,10,,
UNHPL,58,17,38,,
UNHPL,38,17,97,,
HDHPC,22,54,65,,
RHGCL,19,44,10,,
ULBSL,22,1,10,,
NMB,33,26,150,,
API,43,39,100,,
RIDI,32,59,150,,
CIT,3,57,10,,
UHEWA,41,34,10,,
UHEWA,41,4,10,,
UHEWA,41,34,10,,
UHEWA,41,38,10,,
CHL,19,34,320,,
CHL,32,34,50,,
CHL,43,34,50,,
AKPL,16,7,75,,
UHEWA,14,43,10,,
NESDO,52,43,10,,
BHDC,34,34,10,,
NTC,58,28,100,,
HDL,33,49,100,,
JFL,47,16,33,,
BHDC,34,21,10,,
HIDCL,8,17,39,,
HIDCL,58,17,51,,
HIDCL,4,17,57,,
HIDCL,41,17,13,,
UIC,34,20,350,,
UIC,34,39,109,,
NTC,59,28,20,,
RLFL,39,39,1,,
CIT,46,57,10,,
BNT,56,33,10,,
RADHI,48,22,50,,
NHPC,54,34,10,,
NHPC,57,34,33,,
CFCL,49,47,10,,
NUBL,58,7,10,,
SPDL,58,28,80,,
NLG,46,51,97,,
NHPC,43,34,112,,
NABIL,59,47,12,,
HDHPC,38,54,25,,
UHEWA,14,41,10,,
RIDI,32,39,500,,
RHGCL,19,52,10,,
MNBBL,51,16,50,,
UPCL,11,32,400,,
KBL,49,7,40,,
UPCL,11,56,30,,
MEN,33,45,15,,
NRIC,16,57,50,,
HIDCL,4,53,101,,
RHGCL,19,38,10,,
RHGCL,19,25,10,,
RHGCL,19,58,10,,
RHGCL,19,52,10,,
RHGCL,19,7,10,,
RHGCL,19,51,10,,
RHGCL,58,17,10,,
JBBL,33,57,500,,
UPPER,38,37,139,,
CBBL,49,7,20,,
UHEWA,40,34,10,,
MPFL,47,34,100,,
NLIC,39,39,1,,
RHGCL,58,58,10,,
BHL,43,1,10,,
RHGCL,58,45,10,,
SPDL,44,57,100,,
SPDL,41,57,100,,
HIDCL,26,53,400,,
SLBBL,44,44,25,,
NABIL,59,35,170,,
NABIL,50,35,10,,
EBL,35,14,190,,
DORDI,56,34,10,,
ADBL,58,57,28,,
ADBL,1,57,10,,
ADBL,58,57,10,,
MSLB,19,14,20,,
HHL,33,38,10,,
SWBBL,58,6,10,,
NRIC,19,21,25,,
NRIC,39,21,25,,
SWMF,56,45,100,,
NUBL,52,7,10,,
NUBL,37,7,50,,
NUBL,40,7,20,,
SGHC,21,41,10,,
SGHC,21,58,10,,
SIFC,52,22,190,,
BFC,5,28,50,,
NTC,48,28,40,,
NBL,41,51,94,,
NBL,18,51,25,,
NBL,36,51,50,,
NBL,57,51,25,,
RHGCL,58,6,10,,
NBL,47,51,14,,
ADBL,3,19,15,,
ADBL,41,19,10,,
ADBL,42,19,311,,
ADBL,42,19,11,,
SHEL,41,36,10,,
UHEWA,40,48,10,,
SSHL,58,33,200,,
RHGCL,58,58,10,,
SPDL,39,28,20,,
CIT,59,32,10,,
CIT,42,32,20,,
CIT,49,32,10,,
CIT,10,32,10,,
EBL,35,8,300,,
JALPA,51,36,10,,
JALPA,51,11,10,,
RHGCL,58,52,10,,
RFPL,46,45,10,,
MNBBL,49,16,36,,
NIFRA,44,38,38,,
NIFRA,44,22,57,,
SHINE,52,7,43,,
SHINE,34,7,50,,
SHINE,14,7,100,,
NIFRA,43,20,14,,
NIFRA,58,20,10,,
NIFRA,58,20,30,,
BPCL,34,45,20,,
MHNL,42,25,785,,
RHGCL,58,47,10,,
NIFRA,39,39,2,,
SIFC,52,22,100,,
NCCB,45,49,55,,
MNBBL,26,16,200,,
UNHPL,38,7,53,,
UNHPL,17,7,200,,
LLBS,25,52,38,,
UNHPL,28,7,500,,
UNHPL,7,7,247,,
NHPC,58,55,10,,
RHGCL,58,38,10,,
UHEWA,40,33,10,,
RHGCL,58,42,10,,
NICA,32,13,10,,
RHGCL,58,48,10,,
SICL,38,33,50,,
SAHAS,6,36,10,,
HHL,28,49,10,,
USHEC,28,57,10,,
GVL,50,35,10,,
GVL,50,38,10,,
GVL,50,3,245,,
GVL,50,8,10,,
GVL,50,21,10,,
GVL,50,58,10,,
GVL,50,44,10,,
NTC,57,28,30,,
RHGCL,58,36,10,,
UHEWA,14,38,10,,
SBCF,14,4,100,,
NMB,36,19,10,,
UNHPL,22,7,160,,
NRIC,58,57,25,,
SHINE,49,49,10,,
SHINE,44,49,1000,,
SHINE,17,49,300,,
SHINE,13,49,50,,
SHINE,38,49,300,,
SHINE,1,49,200,,
SHINE,57,49,30,,
SHINE,45,49,40,,
SHINE,34,49,70,,
SHINE,53,49,1000,,
SHINE,14,49,100,,
RHGCL,35,41,10,,
LEC,37,38,323,,
LEC,32,38,150,,
LEC,51,38,10,,
LEC,35,38,10,,
LEC,33,38,497,,
LEC,57,38,10,,
UMRH,11,3,274,,
UMRH,29,3,50,,
UMRH,6,3,26,,
UMRH,59,3,500,,
UMRH,33,3,180,,
UMRH,13,3,100,,
UMRH,22,3,20,,
UMRH,49,3,50,,
UNHPL,22,32,100,,
MBJC,25,56,10,,
PPCL,29,11,30,,
BNT,56,10,40,,
MKJC,46,51,10,,
USLB,37,57,10,,
CIT,50,56,10,,
CIT,56,56,10,,
NRIC,40,57,20,,
UHEWA,14,58,10,,
UNL,49,19,10,,
NLG,8,51,24,,
PCBL,42,6,307,,
GRDBL,5,58,100,,
PCBL,42,25,18,,
PCBL,42,8,675,,
GRDBL,49,58,374,,
RHGCL,35,7,10,,
SHIVM,17,3,190,,
SHIVM,32,3,10,,
AKPL,14,7,100,,
AKPL,56,7,200,,
AKPL,50,7,10,,
AKPL,50,7,50,,
AKPL,38,7,660,,
HHL,22,56,10,,
RHGCL,58,47,10,,
MLBSL,38,47,20,,
HIDCL,4,20,160,,
RFPL,49,36,10,,
SGHC,28,58,20,,
SGHC,28,28,10,,
SKBBL,53,43,185,,
SKBBL,58,43,15,,
FOWAD,57,13,15,,
MFIL,34,39,100,,
JFL,42,16,10,,
NRN,22,47,175,,
NRN,14,47,20,,
RHGCL,58,38,10,,
NESDO,19,35,20,,
NIFRA,41,45,6,,
NIFRA,43,45,18,,
AKPL,38,7,270,,
AKPL,38,7,100,,
AKPL,14,7,500,,
AKPL,6,7,100,,
AKPL,38,7,30,,
GVL,34,58,10,,
FOWAD,17,40,20,,
FOWAD,17,22,10,,
MHL,35,34,10,,
CHCL,58,56,40,,
CHCL,16,56,60,,
MEN,4,45,95,,
MEN,49,45,60,,
MEN,58,45,10,,
MEN,4,45,50,,
MEN,52,45,10,,
MEN,50,45,40,,
MEN,33,45,20,,
MEN,20,45,30,,
MEN,4,45,50,,
MEN,45,45,50,,
MEN,4,45,50,,
MEN,39,45,10,,
MEN,42,45,10,,
SAHAS,6,25,10,,
SICL,19,33,10,,
SICL,19,34,10,,
NBL,34,51,10,,
SGHC,48,58,10,,
RHGCL,49,48,10,,
AKPL,17,19,200,,
AKPL,17,7,200,,
RHGCL,49,38,10,,
NMFBS,18,57,55,,
RIDI,34,58,50,,
NICA,21,41,30,,
NTC,42,28,75,,
CIT,56,8,10,,
MNBBL,6,16,114,,
MNBBL,6,58,186,,
USHEC,44,41,40,,
USHEC,44,58,10,,
RHGCL,53,35,10,,
NICA,53,39,200,,
UHEWA,14,39,10,,
NMB,56,7,20,,
HHL,22,49,125,,
NICSF,59,7,500,,
RHGCL,19,58,10,,
GBBL,32,35,200,,
HDL,57,25,13,,
FOWAD,52,48,25,,
NLIC,57,49,11,,
BNHC,17,56,40,,
NBL,47,20,96,,
NBL,38,20,50,,
NBL,57,20,135,,
NESDO,28,35,10,,
CZBIL,16,49,140,,
CZBIL,45,49,10,,
CZBIL,58,49,50,,
NIFRA,43,36,54,,
NMFBS,29,57,10,,
BPCL,53,52,31,,
BPCL,53,25,69,,
MPFL,21,43,48,,
NMB,33,7,442,,
MLBL,58,11,90,,
HDHPC,43,14,105,,
HDHPC,59,14,100,,
HDHPC,45,14,150,,
HDHPC,39,14,485,,
HDHPC,52,14,100,,
HDHPC,41,14,50,,
HDHPC,52,14,10,,
BPCL,49,25,110,,
RHGCL,19,8,10,,
RHGCL,19,6,10,,
MLBL,58,32,120,,
RIDI,32,14,10,,
RFPL,49,56,10,,
KRBL,34,55,10,,
USHEC,19,41,10,,
NIFRA,38,22,10,,
NMB,33,49,168,,
RHGCL,19,52,10,,
CFCL,57,49,10,,
MNBBL,32,58,10,,
BFC,5,5,100,,
CFCL,32,58,100,,
UHEWA,14,49,10,,
NESDO,28,45,100,,
NMFBS,41,57,20,,
NMFBS,21,57,15,,
RHGCL,50,49,10,,
BBC,38,51,28,,
BBC,25,51,15,,
JBBL,18,49,200,,
RHGCL,19,8,10,,
RHGCL,19,17,10,,
UPPER,38,52,100,,
SGHC,48,51,10,,
NICA,53,35,200,,
NICA,53,45,100,,
HDL,58,21,30,,
RHGCL,19,7,10,,
BPCL,53,7,150,,
USLB,45,53,110,,
USLB,45,6,10,,
RIDI,58,47,1000,,
GBBL,42,13,10,,
NTC,58,28,140,,
RHGCL,19,48,10,,
NESDO,28,35,10,,
NBL,57,26,22,,
USHEC,45,58,10,,
SHINE,17,32,200,,
USHEC,19,44,10,,
SLBSL,57,7,10,,
CLBSL,41,16,11,,
KMCDB,6,5,42,,
NABIL,49,26,68,,
NABIL,47,26,12,,
NABIL,38,26,10,,
NABIL,3,26,10,,
NABIL,45,26,16,,
NICA,14,58,50,,
NICA,52,58,100,,
NICA,20,58,100,,
NICA,5,58,30,,
NICA,57,58,50,,
MBJC,25,49,10,,
BNHC,17,58,10,,
RLFL,54,40,10,,
NICA,41,59,30,,
SJCL,48,51,200,,
SJCL,48,25,40,,
SJCL,48,44,300,,
JALPA,19,49,10,,
UHEWA,14,49,10,,
NTC,58,28,10,,
NRIC,22,57,100,,
KSBBL,45,48,90,,
MNBBL,33,58,100,,
SANIMA,22,7,36,,
NHPC,53,34,18,,
JBBL,18,32,300,,
JBBL,11,32,30,,
MLBL,58,55,10,,
HHL,22,54,10,,
RHGCL,19,56,10,,
RHGCL,19,46,10,,
API,50,44,10,,
JBLB,48,59,10,,
USHEC,19,49,10,,
NRIC,13,57,100,,
CGH,19,51,10,,
MNBBL,22,58,54,,
MNBBL,22,10,46,,
NYADI,33,56,10,,
EBL,35,49,150,,
EBL,35,29,500,,
NICA,11,56,50,,
NICA,36,56,38,,
SGHC,45,58,10,,
API,58,44,100,,
CBBL,34,42,50,,
CBBL,4,42,50,,
CBBL,34,42,10,,
RHGCL,34,17,10,,
RIDI,58,21,970,,
RIDI,21,21,30,,
RSDC,45,38,10,,
SRBL,41,26,100,,
IGI,6,57,10,,
RIDI,21,7,20,,
RMF1,28,4,100,,
MKJC,50,59,10,,
GILB,34,5,150,,
GILB,34,49,53,,
RHGCL,13,51,10,,
MBL,41,39,56,,
EBL,35,14,200,,
DHPL,25,34,60,,
RULB,57,56,10,,
MPFL,50,43,500,,
KSBBL,45,55,89,,
NESDO,28,56,30,,
UNHPL,50,17,65,,
UNHPL,50,59,35,,
SGHC,48,54,10,,
NHPC,43,34,110,,
AHPC,49,17,40,,
NBL,57,20,93,,
HIDCL,41,29,10,,
GUFL,47,28,166,,
GUFL,47,7,275,,
GUFL,47,38,59,,
RFPL,57,34,10,,
BHL,43,56,10,,
SGHC,22,41,10,,
RHGCL,56,19,10,,
EBL,35,34,100,,
EBL,35,56,100,,
RIDI,4,58,10,,
RADHI,48,39,50,,
RADHI,29,39,35,,
RADHI,38,39,30,,
RADHI,55,39,50,,
RADHI,55,39,10,,
RADHI,49,39,25,,
NIFRA,58,22,36,,
UMRH,49,34,100,,
USHEC,53,58,10,,
GBBL,46,13,13,,
GBBL,46,38,34,,
CBBL,36,42,50,,
GUFL,34,38,500,,
UPPER,28,52,10,,
NBL,7,20,16,,
DDBL,46,8,10,,
RIDI,58,7,40,,
RIDI,28,7,50,,
RIDI,58,7,200,,
RIDI,58,7,410,,
JBBL,11,25,70,,
JBBL,53,25,50,,
JBBL,58,25,50,,
JBBL,38,25,50,,
JBBL,29,25,50,,
JBBL,34,25,210,,
JBBL,42,25,20,,
UNHPL,58,32,100,,
GVL,6,45,10,,
RHGCL,56,6,10,,
FOWAD,41,52,10,,
FOWAD,57,52,25,,
FOWAD,22,52,10,,
FOWAD,36,52,12,,
RIDI,58,57,100,,
MNBBL,33,45,35,,
GILB,45,49,40,,
SGHC,59,42,10,,
RHGCL,51,59,10,,
RHGCL,51,44,10,,
SSHL,58,11,100,,
SSHL,40,11,10,,
SSHL,46,11,40,,
SSHL,1,11,50,,
SSHL,55,11,100,,
GUFL,34,38,166,,
GUFL,34,44,65,,
GUFL,34,32,269,,
RHGCL,51,21,10,,
RHGCL,51,52,10,,
NMFBS,4,20,10,,
SHIVM,38,22,10,,
RFPL,7,13,200,,
RFPL,52,13,90,,
SRBL,49,35,23,,
SRBL,56,35,17,,
SRBL,44,35,100,,
SRBL,52,35,40,,
SRBL,47,35,100,,
SRBL,57,35,405,,
SRBL,6,35,1232,,
SAHAS,6,56,140,,
CIT,41,33,20,,
SIFC,42,34,14,,
CBBL,6,42,45,,
SKBBL,58,59,35,,
SKBBL,51,59,50,,
SKBBL,44,59,15,,
DORDI,57,57,10,,
RHGCL,51,6,10,,
UPCL,58,39,20,,
HDL,49,25,10,,
HDL,58,25,18,,
RHGCL,51,59,10,,
GBBL,37,39,10,,
RHGCL,51,35,10,,
ADBL,42,35,19,,
MBJC,25,7,10,,
MBJC,25,34,10,,
NABIL,45,57,10,,
NIFRA,43,40,64,,
MBL,41,8,10,,
RHGCL,51,36,10,,
NCCB,56,57,10,,
NCCB,56,5,100,,
RHGCL,51,6,10,,
SHIVM,40,22,50,,
NTC,28,58,10,,
JBBL,11,16,100,,
STC,49,21,30,,
STC,32,21,10,,
STC,38,21,20,,
STC,45,21,30,,
STC,50,21,10,,
API,41,44,10,,
RHGCL,51,6,10,,
RHGCL,51,36,10,,
BHDC,34,54,10,,
AHPC,19,34,287,,
AHPC,48,34,100,,
AHPC,53,34,500,,
AHPC,22,34,100,,
AHPC,35,34,13,,
SADBL,58,29,20,,
SAHAS,6,48,10,,
SAHAS,6,19,10,,
SAHAS,6,38,10,,
SAHAS,6,29,10,,
SAHAS,6,22,100,,
SAHAS,6,45,10,,
RHGCL,51,55,10,,
NHPC,43,11,150,,
NHPC,58,11,50,,
CBBL,6,52,40,,
CBBL,21,52,10,,
FMDBL,1,25,300,,
CIT,36,33,10,,
MBJC,39,25,10,,
MBJC,39,49,10,,
MBJC,39,5,10,,
MBJC,39,58,10,,
MBJC,39,58,500,,
SHEL,28,48,20,,
RHGCL,51,38,10,,
MFIL,42,13,34,,
JFL,42,16,100,,
JFL,8,16,100,,
JFL,38,16,30,,
JFL,58,16,50,,
JFL,42,16,100,,
NIFRA,43,45,64,,
API,54,58,72,,
API,21,58,100,,
API,58,58,50,,
SAHAS,55,56,30,,
SAHAS,28,56,60,,
SAHAS,6,56,290,,
GBBL,21,39,88,,
GBBL,21,59,112,,
RHGCL,51,41,10,,
RHGCL,51,36,10,,
SWBBL,58,11,20,,
RMF1,38,45,500,,
RMF1,38,51,500,,
RHGCL,51,55,10,,
HIDCL,39,29,22,,
HIDCL,39,58,100,,
HIDCL,39,28,68,,
HIDCL,39,42,10,,
NLIC,57,54,14,,
RHGCL,51,6,10,,
NIL,41,53,50,,
NIL,39,53,50,,
SGHC,57,34,10,,
UNHPL,58,59,30,,
UNHPL,58,58,70,,
NBL,50,20,10,,
RHGCL,51,56,10,,
MNBBL,56,10,40,,
NBF2,11,54,100,,
SHIVM,32,7,200,,
MFIL,46,13,26,,
KSBBL,40,48,10,,
JFL,38,28,323,,
JFL,49,28,11,,
JFL,38,28,155,,
API,57,44,81,,
SGHC,22,59,10,,
GVL,25,58,10,,
IGI,34,57,10,,
UHEWA,14,48,10,,
SANIMA,19,7,20,,
JSLBB,16,20,30,,
API,58,44,200,,
MNBBL,11,10,50,,
RIDI,58,3,290,,
RIDI,4,3,10,,
RIDI,19,3,50,,
RIDI,40,3,50,,
RIDI,58,3,100,,
CHCL,14,21,40,,
DORDI,56,33,80,,
DORDI,34,33,110,,
JALPA,51,48,40,,
USHEC,58,38,10,,
RHGCL,51,55,10,,
ULBSL,22,56,10,,
CFCL,58,49,148,,
BHDC,34,51,10,,
BHDC,34,40,50,,
BHDC,34,49,10,,
PSF,16,4,100,,
RHGCL,51,6,10,,
GBBL,45,59,415,,
NIFRA,58,35,10,,
SHIVM,32,57,120,,
NICL,33,59,265,,
MBJC,25,49,10,,
NICL,57,59,35,,
NICL,58,59,100,,
HDHPC,32,42,40,,
SADBL,49,45,94,,
SADBL,57,45,300,,
RHGCL,51,52,10,,
RHGCL,51,25,10,,
KSBBL,40,28,35,,
UNHPL,52,58,100,,
RFPL,52,58,10,,
RHGCL,51,58,10,,
RHGCL,51,35,10,,
RHGCL,51,1,10,,
RHGCL,51,49,10,,
RHGCL,56,55,10,,
GMFIL,57,56,10,,
HIDCL,4,57,556,,
SANIMA,51,7,20,,
RHGCL,56,38,10,,
RHGCL,56,6,10,,
CHDC,56,58,140,,
HIDCL,4,39,92,,
NIFRA,43,22,187,,
NIFRA,43,7,38,,
HEI,56,33,200,,
HEI,32,33,204,,
RULB,56,34,208,,
UPPER,28,45,20,,
SADBL,32,45,100,,
NABIL,36,4,10,,
NESDO,28,35,10,,
SHIVM,32,57,30,,
UNL,49,28,10,,
NFS,42,45,130,,
NFS,6,45,100,,
ADBL,49,14,169,,
ADBL,49,51,24,,
ACLBSL,35,42,36,,
SFCL,59,1,250,,
RHGCL,38,46,10,,
RHGCL,38,39,10,,
JOSHI,57,22,30,,
JOSHI,57,57,20,,
GUFL,36,17,79,,
NMFBS,21,34,15,,
RURU,40,33,10,,
NABIL,48,4,15,,
PCBL,56,25,10,,
RHGCL,38,58,10,,
NICL,5,10,17,,
MLBBL,7,43,90,,
NMB50,42,45,130,,
RHGCL,38,56,10,,
RHGCL,38,55,10,,
SADBL,58,45,12,,
NMB,33,59,323,,
UPCL,49,39,318,,
UPCL,49,33,81,,
NMB,33,59,157,,
NMB,57,59,20,,
CFCL,52,53,15,,
NESDO,28,13,10,,
NESDO,28,44,20,,
SANIMA,37,49,26,,
SLBSL,57,28,10,,
NLIC,58,22,40,,
NLIC,58,57,230,,
NICLBSL,19,16,20,,
NABIL,22,4,100,,
PCBL,26,35,82,,
NICA,14,39,100,,
NTC,41,28,10,,
MBJC,39,1,50,,
NTC,14,28,50,,
MBJC,39,28,10,,
NTC,11,28,100,,
MBJC,39,28,10,,
NTC,58,28,110,,
MBJC,39,45,10,,
RIDI,35,38,50,,
NLIC,58,57,10,,
RHGCL,38,58,10,,
SHIVM,32,45,100,,
HHL,26,35,870,,
HHL,26,57,10,,
NIFRA,52,7,16,,
NLG,8,57,210,,
NLG,8,4,66,,
RHGCL,38,55,10,,
RHGCL,38,14,10,,
RADHI,42,34,438,,
RADHI,42,35,60,,
NESDO,14,35,20,,
NFS,42,45,109,,
NYADI,33,45,10,,
RHGCL,38,58,10,,
KSBBL,36,28,100,,
KSBBL,22,28,100,,
KSBBL,38,28,100,,
KSBBL,32,28,100,,
KSBBL,38,28,100,,
KSBBL,45,28,100,,
KSBBL,4,28,50,,
KSBBL,50,28,15,,
KSBBL,40,28,100,,
USHEC,58,58,10,,
SBL,34,44,17,,
JBLB,32,38,10,,
HDL,38,34,18,,
MBJC,34,16,10,,
SPC,39,19,190,,
RHGCL,38,58,10,,
NIFRA,55,7,10,,
SBI,43,22,21,,
RHGCL,42,57,10,,
HIDCL,4,22,34,,
HIDCL,32,22,30,,
JFL,38,6,45,,
NIFRA,58,41,10,,
JBLB,45,38,30,,
SADBL,54,45,44,,
RFPL,34,21,10,,
RHGCL,42,55,10,,
SBL,46,14,11,,
RHGCL,42,51,10,,
RHGCL,22,57,10,,
SHIVM,32,53,240,,
SHIVM,38,53,20,,
SHIVM,17,53,740,,
SAHAS,6,7,10,,
RHGCL,49,45,10,,
DHPL,25,6,38,,
RHGCL,41,38,10,,
RHGCL,41,34,10,,
DORDI,34,49,10,,
API,46,56,100,,
API,49,56,50,,
API,38,56,122,,
NHDL,52,40,100,,
MBJC,34,36,10,,
CIT,19,49,10,,
PCBL,56,25,10,,
RHGCL,41,55,10,,
SWBBL,41,34,22,,
NABIL,47,38,88,,
NABIL,11,38,20,,
RHGCL,41,34,10,,
NIFRA,58,28,10,,
HDHPC,32,42,20,,
SICL,5,46,20,,
HDL,13,34,10,,
RHGCL,41,53,10,,
RHGCL,35,53,30,,
RHGCL,49,53,300,,
RHGCL,36,53,10,,
RHGCL,7,53,390,,
RHGCL,43,53,20,,
RHGCL,28,53,30,,
RHGCL,58,53,50,,
RHGCL,20,53,40,,
RHGCL,57,53,100,,
RHGCL,49,53,20,,
NBL,26,51,100,,
SHPC,48,51,16,,
SHPC,48,54,22,,
SHPC,48,49,132,,
SHPC,48,48,30,,
WNLB,21,59,10,,
CHDC,56,45,20,,
PCBL,26,48,100,,
UPPER,52,45,50,,
RHGCL,49,34,10,,
NMFBS,45,34,13,,
EBL,35,33,500,,
RHGCL,49,55,10,,
UHEWA,36,28,10,,
RHGCL,49,6,10,,
NLG,29,4,210,,
NRIC,50,57,30,,
MBJC,34,58,10,,
CIT,5,49,10,,
MHL,21,42,10,,
NABIL,55,4,20,,
EBL,58,36,100,,
RHGCL,45,21,10,,
MKJC,28,42,50,,
MKJC,56,42,50,,
GVL,48,36,10,,
HDL,42,34,10,,
HDL,56,34,12,,
HDHPC,36,53,10,,
SICL,28,46,13,,
SICL,28,34,12,,
MLBL,45,45,20,,
MLBL,45,22,480,,
SICL,41,33,30,,
RIDI,35,38,50,,
RHGCL,45,55,10,,
MHL,21,26,10,,
RHGCL,45,36,10,,
RHGCL,45,6,10,,
NABIL,39,4,400,,
SADBL,58,45,50,,
SADBL,58,49,150,,
EBL,35,34,36,,
EBL,35,33,177,,
WNLB,34,59,22,,
WNLB,50,59,45,,
API,38,22,158,,
NFS,42,45,200,,
NFS,58,45,300,,
RHGCL,45,56,10,,
AKPL,38,7,70,,
AKPL,38,7,30,,
RHGCL,34,58,10,,
KEF,17,45,100,,
USHEC,58,36,10,,
NICA,36,55,12,,
SWBBL,29,34,36,,
GUFL,34,56,40,,
HDL,32,49,10,,
CIT,56,43,30,,
HIDCL,32,21,70,,
HIDCL,48,21,50,,
RADHI,54,35,40,,
SRBL,6,22,18,,
SRBL,58,22,35,,
DHPL,52,6,150,,
NTC,45,58,20,,
SBL,55,44,45,,
SBL,49,44,20,,
SBL,13,44,100,,
SBL,13,44,30,,
SBL,13,44,300,,
SBL,14,44,30,,
SBL,36,44,10,,
SBL,42,44,39,,
SBL,25,44,20,,
SBL,47,44,399,,
DORDI,34,26,10,,
SBL,41,14,10,,
NTC,58,28,290,,
NCCB,45,32,260,,
NCCB,41,32,20,,
NCCB,32,32,250,,
NCCB,56,32,10,,
USHEC,58,58,10,,
AKPL,38,51,20,,
AKPL,58,44,200,,
RHGCL,34,35,10,,
UPPER,22,1,100,,
RHGCL,45,58,10,,
NRIC,28,57,14,,
ULBSL,22,58,10,,
RHGCL,58,38,10,,
NFS,42,6,341,,
RHGCL,58,6,10,,
RHGCL,58,58,10,,
SWBBL,29,35,12,,
SWBBL,52,35,10,,
SWBBL,54,35,20,,
SWBBL,49,35,10,,
SWBBL,57,35,24,,
RMDC,35,34,10,,
RHGCL,58,35,10,,
SGHC,57,40,10,,
NRIC,22,57,100,,
MBJC,34,35,10,,
MKJC,38,49,10,,
MKJC,57,49,10,,
NRIC,44,57,82,,
JBLB,42,16,17,,
NABIL,48,4,15,,
RHGCL,58,56,10,,
BHDC,34,45,10,,
GVL,48,45,10,,
MBJC,34,26,10,,
SPDL,57,59,15,,
SPDL,38,59,50,,
RHGCL,13,38,10,,
RHGCL,58,38,10,,
SCB,57,22,13,,
SRBL,1,43,300,,
SRBL,54,43,200,,
SRBL,17,43,200,,
SRBL,7,43,200,,
RHGCL,13,6,10,,
SGHC,49,49,10,,
MLBL,58,52,80,,
CZBIL,46,39,100,,
MLBL,59,52,10,,
SADBL,33,49,850,,
MLBL,44,22,10,,
HEI,32,57,796,,
HEI,34,57,20,,
HEI,49,57,100,,
HEI,29,57,10,,
HEI,32,57,74,,
NTC,42,28,38,,
SBL,47,44,101,,
SBL,21,44,100,,
SBL,47,44,94,,
SBL,5,44,30,,
SBL,47,44,500,,
SBL,47,44,130,,
SBL,34,44,10,,
SBL,49,44,25,,
AKPL,38,58,20,,
API,26,58,15,,
TPC,42,38,10,,
UHEWA,36,26,10,,
RHGCL,13,48,10,,
NBL,59,51,100,,
GBBL,21,59,100,,
UPCL,6,33,100,,
LICN,49,28,50,,
UPCL,58,33,50,,
UPCL,56,33,30,,
RULB,57,16,10,,
FOWAD,47,21,25,,
FOWAD,33,21,60,,
RHGCL,54,47,10,,
RULB,57,45,10,,
NHPC,56,45,21,,
NHPC,56,34,179,,
RSDC,58,38,35,,
ADBL,59,51,10,,
USHEC,58,41,10,,
LEMF,17,45,2315,,
NTC,42,28,10,,
UHEWA,14,49,10,,
SAHAS,55,33,10,,
UHEWA,14,26,10,,
RULB,47,34,40,,
NBF2,11,51,100,,
MDB,45,59,28,,
MDB,29,59,272,,
MDB,4,59,200,,
RADHI,54,8,60,,
USHEC,58,32,20,,
RHGCL,58,48,10,,
RHGCL,28,35,10,,
HHL,33,58,10,,
RHGCL,28,28,10,,
NICLBSL,35,16,10,,
JBLB,41,57,10,,
RLFL,34,52,30,,
RLFL,38,52,20,,
RLFL,58,52,500,,
RLFL,38,52,20,,
RLFL,38,52,80,,
RLFL,57,52,200,,
RLFL,58,52,50,,
RLFL,38,52,100,,
LLBS,25,45,31,,
LLBS,53,45,30,,
UMRH,33,26,20,,
UMRH,57,26,100,,
UMRH,21,26,10,,
UMRH,45,26,10,,
UMRH,36,26,360,,
NFS,42,26,40,,
NFS,42,58,310,,
RHGCL,28,47,10,,
SADBL,33,21,150,,
SADBL,46,21,350,,
KSBBL,40,26,100,,
SICL,5,34,230,,
MBL,41,59,25,,
MBL,5,59,100,,
MBL,43,59,375,,
RHGCL,28,35,10,,
CIT,26,49,18,,
BFC,38,6,290,,
JBBL,5,16,19,,
SLBSL,48,57,10,,
SWMF,56,20,90,,
SWMF,40,20,10,,
HIDCL,48,45,50,,
NICL,5,54,30,,
RHGCL,44,38,10,,
RHGCL,19,49,10,,
RHGCL,44,21,10,,
SWBBL,57,35,83,,
SWBBL,52,35,13,,
SWBBL,20,35,10,,
SWBBL,1,35,100,,
SWBBL,52,35,41,,
SWBBL,33,35,50,,
AKJCL,58,53,150,,
SBL,43,26,269,,
MBJC,34,16,10,,
JFL,38,59,39,,
MBL,43,35,125,,
MBL,36,35,50,,
HDL,56,49,90,,
HDL,56,58,10,,
RURU,45,33,37,,
RHGCL,51,32,10,,
PPCL,14,49,40,,
HIDCL,8,8,9,,
RHGCL,44,21,10,,
ULBSL,22,45,10,,
RHGCL,28,47,10,,
SBCF,48,58,100,,
SHIVM,17,10,140,,
SHIVM,19,10,110,,
SHIVM,51,10,50,,
KBL,4,54,50,,
AKPL,38,19,200,,
AKJCL,41,34,290,,
AKJCL,41,39,10,,
CHDC,56,47,20,,
RHGCL,28,21,10,,
RIDI,13,26,70,,
NYADI,33,10,50,,
HDL,17,58,20,,
CHDC,56,58,10,,
JBBL,34,26,100,,
ALICL,59,34,64,,
ALICL,42,34,36,,
GBBL,19,52,138,,
GBBL,42,52,20,,
NMB,1,36,500,,
DHPL,22,6,12,,
RHGCL,28,35,10,,
CORBL,58,39,23,,
CORBL,49,39,12,,
SWBBL,41,21,25,,
SWBBL,25,21,10,,
GBBL,57,59,13,,
SJCL,45,33,10,,
NRIC,54,57,110,,
SAPDBL,22,21,311,,
SAPDBL,32,21,30,,
SAPDBL,32,21,200,,
SAPDBL,17,21,50,,
SAPDBL,47,21,200,,
SAPDBL,47,21,150,,
SAPDBL,1,21,230,,
SAPDBL,10,21,200,,
SAPDBL,22,21,500,,
SAPDBL,41,21,29,,
SAPDBL,47,21,100,,
RHGCL,19,34,10,,
NABIL,45,1,30,,
RHGCL,19,21,10,,
SHPC,37,48,10,,
NIBSF2,1,4,100,,
IGI,45,59,500,,
SHEL,41,49,10,,
RHGCL,19,49,10,,
RHGCL,49,42,10,,
UPPER,58,45,100,,
UPPER,17,45,100,,
UPPER,45,45,10,,
UPPER,59,45,120,,
USHEC,58,34,10,,
RFPL,34,58,10,,
MKJC,46,38,10,,
HIDCL,42,45,10,,
HIDCL,39,45,15,,
HIDCL,13,45,88,,
MPFL,41,54,50,,
NYADI,33,4,50,,
HIDCL,8,8,1,,
JFL,38,7,50,,
HDL,40,58,10,,
GFCL,18,8,10,,
KDBY,35,58,100,,
SHINE,34,26,100,,
SLBBL,58,47,70,,
SLBBL,58,32,30,,
KBL,49,25,30,,
JOSHI,58,1,50,,
SAHAS,55,34,10,,
HDL,18,48,30,,
HDL,18,59,20,,
HDL,38,59,20,,
HDL,17,59,20,,
SIFC,57,33,145,,
RHGCL,19,21,10,,
SIFC,18,33,20,,
SIFC,58,33,100,,
SIFC,58,33,10,,
SIFC,50,33,25,,
GMFIL,57,57,100,,
GMFIL,25,57,100,,
GMFIL,48,57,100,,
HIDCL,13,34,12,,
HIDCL,36,34,38,,
RIDI,58,26,130,,
BBC,25,11,10,,
SAHAS,55,25,10,,
LBL,42,51,100,,
NMB,33,45,20,,
SBL,40,26,50,,
AKPL,38,19,180,,
AKPL,38,40,100,,
AKPL,38,47,450,,
HHL,55,35,360,,
HHL,28,35,260,,
HHL,28,35,80,,
HHL,28,35,200,,
HHL,28,35,180,,
HHL,33,35,40,,
HHL,45,35,10,,
NSLB,6,38,11,,
GRDBL,49,54,70,,
GBBL,49,59,125,,
GBBL,57,59,10,,
GBBL,42,59,25,,
MBJC,34,34,10,,
ICFC,38,22,100,,
SGHC,48,22,10,,
SGHC,48,58,10,,
RHGCL,19,29,10,,
RHGCL,19,38,10,,
SHPC,16,37,160,,
JBBL,19,16,10,,
RHGCL,19,47,10,,
RIDI,58,53,70,,
RIDI,50,53,20,,
RHGCL,19,21,10,,
SBL,45,26,10,,
SANIMA,21,49,60,,
NTC,14,28,50,,
RHGCL,58,58,10,,
RFPL,34,58,170,,
BHDC,34,34,10,,
SADBL,46,26,100,,
NHPC,49,34,100,,
USHEC,58,58,10,,
MKJC,46,8,10,,
RHGCL,19,29,10,,
NICL,6,54,20,,
SAHAS,55,45,300,,
SAHAS,3,45,20,,
SAHAS,57,45,680,,
JBBL,13,22,200,,
JBBL,45,22,100,,
HDL,14,34,10,,
CIT,56,59,150,,
CIT,6,59,150,,
GHL,57,36,20,,
UPCL,56,38,70,,
UPCL,19,38,430,,
NESDO,28,35,10,,
SRBL,54,6,400,,
NTC,44,28,10,,
NYADI,34,56,10,,
NYADI,34,35,10,,
RHGCL,45,29,10,,
USHEC,58,57,10,,
NIFRA,58,38,10,,
RHGCL,19,21,10,,
NRN,1,34,10,,
UHEWA,14,34,10,,
HURJA,42,14,63,,
HDHPC,41,54,50,,
HIDCL,26,45,100,,
JBBL,59,16,89,,
JBBL,59,32,11,,
PCBL,44,25,10,,
PCBL,44,7,50,,
PCBL,44,47,12,,
RFPL,34,49,10,,
SGHC,22,58,10,,
NHPC,44,45,10,,
CHDC,56,59,300,,
MHL,21,41,10,,
USHEC,58,19,10,,
USHEC,58,21,10,,
MBJC,34,36,10,,
SGHC,22,58,10,,
SRBL,54,57,100,,
RHGCL,19,6,10,,
UHEWA,14,19,10,,
JSLBB,7,43,60,,
JSLBB,7,58,35,,
GVL,34,42,10,,
USHEC,58,32,10,,
RHGCL,19,47,10,,
RHGCL,19,34,10,,
NESDO,28,17,10,,
NESDO,28,28,90,,
SAHAS,57,52,10,,
UHEWA,14,22,10,,
NTC,11,28,100,,
RHGCL,19,29,10,,
NABIL,38,59,50,,
API,14,21,140,,
MBJC,34,34,10,,
USHEC,28,21,10,,
RHGCL,19,36,10,,
MLBL,45,45,200,,
MHL,21,38,10,,
BHDC,34,42,10,,
SHPC,34,25,30,,
RHGCL,19,36,10,,
BARUN,28,58,40,,
GMFIL,48,16,100,,
SAHAS,57,57,10,,
RHGCL,19,8,10,,
UHEWA,36,5,10,,
MBJC,34,49,10,,
GLH,45,34,10,,
RHGCL,19,47,10,,
PCBL,58,22,274,,
PCBL,34,22,50,,
PCBL,44,22,473,,
PCBL,41,22,100,,
PCBL,52,22,100,,
PCBL,42,22,100,,
PCBL,4,22,100,,
SRBL,45,35,20,,
SRBL,7,35,1980,,
RHGCL,19,7,10,,
NRIC,54,11,140,,
API,14,59,38,,
API,34,59,159,,
RHGCL,36,57,10,,
RHGCL,36,6,10,,
NIFRA,36,47,50,,
NTC,46,28,40,,
SAHAS,57,52,900,,
SAHAS,21,52,90,,
SWMF,40,49,10,,
RHGCL,36,38,10,,
RHGCL,36,16,10,,
RHGCL,36,49,20,,
RHGCL,18,29,10,,
USHEC,58,32,30,,
NCCB,47,48,100,,
USHEC,58,21,10,,
UHEWA,14,7,10,,
UHEWA,14,41,10,,
UHEWA,14,58,10,,
UHEWA,14,58,10,,
UHEWA,14,38,10,,
UHEWA,14,49,10,,
NFS,34,45,200,,
RHGCL,42,49,30,,
BHDC,34,5,10,,
CGH,50,34,10,,
RHGCL,18,35,10,,
SRBL,7,35,820,,
RHGCL,18,49,10,,
API,34,25,300,,
API,34,47,41,,
RHGCL,41,49,50,,
BARUN,22,58,50,,
BARUN,43,58,10,,
MLBL,4,45,300,,
MLBL,4,50,200,,
ADBL,42,59,90,,
ADBL,56,59,100,,
ADBL,55,59,160,,
RHGCL,18,47,10,,
UMRH,7,21,10,,
BPCL,58,39,10,,
RHGCL,18,16,10,,
RHGCL,49,49,20,,
RHGCL,18,36,10,,
DORDI,41,7,10,,
DORDI,41,56,10,,
SGHC,59,21,10,,
RHGCL,18,38,10,,
AKJCL,39,22,300,,
RHGCL,58,29,10,,
DORDI,34,21,10,,
FOWAD,33,34,20,,
GUFL,6,53,100,,
SADBL,46,49,50,,
BFC,38,39,10,,
DORDI,34,49,10,,
SCB,45,42,110,,
RHGCL,57,49,20,,
RHGCL,1,49,300,,
RHGCL,47,49,50,,
RHGCL,41,49,10,,
HDHPC,39,54,15,,
GVL,34,57,10,,
ADBL,42,51,10,,
CZBIL,54,54,10,,
CZBIL,57,54,100,,
CZBIL,26,54,100,,
CZBIL,8,54,54,,
CZBIL,55,54,35,,
SBL,4,26,50,,
NICA,7,46,1200,,
NIFRA,57,44,98,,
LICN,25,58,10,,
RHGCL,22,25,10,,
NRIC,49,11,10,,
DDBL,58,53,50,,
DDBL,45,53,50,,
NESDO,59,28,10,,
RHGCL,41,21,10,,
USHEC,58,21,10,,
MEN,22,6,10,,
MBL,5,8,10,,
HHL,33,58,10,,
MBJC,34,42,10,,
MHL,34,59,10,,
RHGCL,41,16,10,,
JALPA,51,38,300,,
JALPA,51,22,10,,
HIDCL,8,8,9,,
CGH,41,35,10,,
RHGCL,49,35,10,,
RHGCL,49,4,30,,
RHGCL,49,35,10,,
RHGCL,49,58,10,,
RHGCL,49,14,10,,
RHGCL,49,58,10,,
RHGCL,49,58,10,,
RHGCL,41,26,10,,
HIDCL,29,50,24,,
NTC,45,28,300,,
RHGCL,38,21,10,,
SRBL,46,35,66,,
RHGCL,58,39,10,,
NBL,51,52,15,,
API,40,47,100,,
PICL,59,25,38,,
RHGCL,58,16,10,,
NESDO,28,35,60,,
RHGCL,58,21,10,,
UMHL,22,43,20,,
NICA,7,49,100,,
NICA,7,32,70,,
NICA,7,49,60,,
NICA,7,22,50,,
NICA,7,41,89,,
NICA,7,45,50,,
NICA,7,17,15,,
NICA,7,47,10,,
NICA,7,13,100,,
NICA,7,58,45,,
NICA,7,19,10,,
BHDC,34,57,10,,
DORDI,34,59,10,,
RHGCL,58,38,10,,
HIDCL,36,22,106,,
MBJC,34,57,10,,
NHPC,39,34,26,,
RHGCL,58,16,10,,
RHGCL,57,26,10,,
RHGCL,57,42,10,,
CBBL,6,49,315,,
CBBL,19,49,100,,
GVL,34,21,10,,
NESDO,28,6,10,,
HHL,45,38,10,,
RHGCL,57,39,10,,
NICL,5,10,100,,
ICFC,49,45,100,,
NIFRA,58,44,100,,
NLIC,40,57,50,,
NLIC,48,57,10,,
MNBBL,58,10,55,,
AKJCL,1,22,25,,
NESDO,28,35,10,,
UHEWA,52,42,10,,
NICA,41,17,20,,
KBL,42,54,250,,
RFPL,34,58,10,,
RHGCL,57,16,10,,
BHDC,42,42,10,,
BHDC,42,34,10,,
NTC,42,28,50,,
GVL,34,39,10,,
KPCL,32,49,10,,
RSDC,1,43,15,,
RHGCL,57,34,10,,
PFL,48,32,10,,
PFL,48,49,100,,
RHGCL,57,39,10,,
RADHI,17,53,202,,
RADHI,6,53,20,,
RADHI,54,53,75,,
RHGCL,57,21,10,,
RHGCL,57,46,10,,
NTC,5,28,100,,
NTC,51,28,12,,
SAPDBL,41,45,41,,
SAPDBL,56,45,20,,
SAPDBL,6,45,100,,
SAPDBL,25,45,45,,
SAPDBL,50,45,50,,
NESDO,28,35,100,,
PRVU,41,5,200,,
PRVU,45,5,300,,
RHGCL,22,58,10,,
CBBL,45,53,10,,
CBBL,7,53,20,,
CBBL,17,53,55,,
RHGCL,57,16,10,,
UHEWA,52,59,10,,
EBL,35,29,460,,
SGHC,45,38,10,,
HIDCL,36,54,25,,
HIDCL,36,43,36,,
HIDCL,36,43,45,,
SSHL,36,16,500,,
NRIC,35,45,12,,
NRIC,49,45,46,,
MNBBL,41,10,39,,
MFIL,55,49,50,,
UPPER,52,52,15,,
BHDC,34,39,10,,
MHL,21,38,10,,
RHGCL,57,16,10,,
AKPL,43,47,50,,
API,8,8,1,,
RHGCL,41,39,10,,
CBBL,34,41,20,,
BHDC,34,47,10,,
ULBSL,22,49,10,,
RHGCL,49,6,10,,
NLIC,16,51,10,,
NUBL,45,21,14,,
NHPC,10,38,200,,
RHGCL,34,4,370,,
RHGCL,34,56,10,,
RHGCL,34,58,10,,
RHGCL,34,7,10,,
RHGCL,34,52,10,,
RHGCL,34,45,10,,
RHGCL,34,40,10,,
RHGCL,34,58,10,,
RHGCL,34,38,10,,
RHGCL,13,39,10,,
NICLBSL,35,49,10,,
NHPC,54,45,100,,
RHGCL,44,38,10,,
JBBL,21,16,20,,
JBBL,21,57,30,,
NHPC,58,45,10,,
PCBL,5,22,10,,
NIFRA,57,42,20,,
KBL,38,7,10,,
API,50,47,10,,
HDHPC,21,34,100,,
API,26,47,49,,
UMHL,25,51,400,,
UMHL,25,18,100,,
JALPA,59,46,60,,
AKPL,52,21,212,,
AKPL,52,16,10,,
RHGCL,44,39,10,,
UHEWA,52,25,10,,
SPDL,57,28,100,,
SHIVM,17,11,120,,
SHIVM,50,11,50,,
SHIVM,11,11,100,,
CHCL,19,21,40,,
CHCL,57,21,50,,
CHCL,42,21,51,,
PPCL,47,49,100,,
CIT,8,48,10,,
RIDI,50,58,180,,
USHEC,58,46,10,,
NICA,42,17,50,,
NESDO,28,35,10,,
NICLBSL,19,59,48,,
UHEWA,52,56,10,,
RHGCL,44,39,10,,
API,8,8,1,,
JBLB,42,38,10,,
HIDCL,16,43,17,,
UHEWA,52,57,10,,
NEF,39,57,1000,,
RHGCL,44,35,10,,
UHEWA,52,47,10,,
RIDI,33,58,300,,
MDB,32,40,20,,
RHGCL,22,21,10,,
SRBL,51,56,39,,
SRBL,51,6,41,,
SBL,4,26,20,,
USHEC,36,58,10,,
UHEWA,55,35,10,,
RHGCL,22,45,10,,
HDL,45,45,20,,
NIBSF2,1,1,200,,
SKBBL,11,57,10,,
RHGCL,44,39,10,,
MNBBL,13,10,25,,
RHGCL,44,59,10,,
BHL,5,11,10,,
BHL,5,58,100,,
BHL,5,43,370,,
RIDI,21,58,20,,
NICLBSL,26,49,10,,
RHGCL,44,7,10,,
BHL,44,58,10,,
SAHAS,21,43,10,,
SHPC,29,48,10,,
SGHC,45,57,10,,
SBL,25,26,50,,
NYADI,33,50,50,,
NESDO,28,35,10,,
NIL,13,7,80,,
NMB,33,7,843,,
AKPL,38,39,70,,
AKPL,46,39,20,,
AKPL,25,39,100,,
AKPL,48,39,210,,
AKPL,6,39,100,,
RHGCL,44,32,10,,
KBL,49,57,200,,
RADHI,6,34,57,,
RADHI,6,34,127,,
RADHI,6,34,316,,
RHGCL,44,21,10,,
RHGCL,44,39,10,,
NTC,5,28,100,,
NTC,16,28,10,,
NTC,25,28,18,,
NTC,11,28,100,,
NTC,57,28,16,,
NHPC,20,45,10,,
UMRH,7,17,20,,
PCBL,42,25,90,,
SRBL,46,13,84,,
SRBL,45,13,16,,
HIDCLP,25,59,20,,
NLICL,55,17,14,,
CHDC,56,22,10,,
NICLBSL,26,49,10,,
API,8,8,1,,
ALBSL,19,39,12,,
NYADI,6,43,10,,
RHGCL,58,39,10,,
HIDCL,26,43,41,,
CHCL,5,16,50,,
CHCL,5,41,250,,
RADHI,6,34,500,,
HDL,45,45,30,,
RHGCL,52,49,500,,
RHGCL,57,49,500,,
RHGCL,45,49,100,,
RHGCL,19,49,100,,
UHEWA,52,6,10,,
LICN,25,58,10,,
NHPC,13,45,200,,
RHGCL,57,21,10,,
NESDO,28,14,80,,
UMRH,36,35,10,,
NICLBSL,17,49,10,,
RHGCL,57,38,10,,
RHGCL,13,39,10,,
PROFL,34,26,20,,
GVL,34,57,10,,
SHIVM,5,49,50,,
SHIVM,5,14,40,,
SHIVM,5,38,10,,
NESDO,28,35,10,,
SBCF,48,44,200,,
MFIL,55,25,20,,
MFIL,55,58,160,,
RHGCL,13,58,10,,
UHEWA,52,26,10,,
RADHI,6,34,50,,
RADHI,58,34,100,,
RADHI,48,34,100,,
RADHI,49,34,275,,
MHL,46,34,10,,
RFPL,34,21,10,,
RHGCL,13,21,10,,
RHGCL,13,39,10,,
ALICL,37,8,100,,
SPC,41,45,33,,
UMRH,57,17,10,,
SANIMA,21,49,10,,
SAHAS,10,22,100,,
NESDO,28,56,10,,
NESDO,28,48,10,,
NTC,13,28,60,,
NICL,7,32,10,,
NBL,51,52,30,,
NBL,51,34,20,,
NIFRA,6,41,50,,
RHGCL,38,44,10,,
RADHI,49,34,25,,
CFCL,11,58,107,,
NHPC,52,45,50,,
KRBL,42,34,40,,
NICLBSL,17,49,10,,
CHCL,16,16,184,,
UPCL,4,28,50,,
UPCL,4,22,250,,
RHGCL,38,39,10,,
NCCB,34,51,1486,,
RHGCL,22,58,10,,
RHGCL,22,34,35,,
NIL,46,7,10,,
UPPER,59,47,180,,
JBBL,52,57,200,,
PICL,1,14,300,,
PICL,1,29,50,,
CZBIL,48,47,20,,
SADBL,58,7,55,,
SADBL,58,34,255,,
RHGCL,38,58,10,,
USHEC,43,48,10,,
RFPL,57,35,10,,
NICA,45,17,20,,
CHCL,42,16,75,,
SHEL,52,7,10,,
RHGCL,38,39,10,,
NABIL,54,4,10,,
MHL,58,42,10,,
UPCL,35,22,200,,
MFIL,55,58,90,,
BHL,48,57,10,,
SANIMA,44,29,200,,
SANIMA,51,29,100,,
RHGCL,25,34,100,,
SPC,41,48,17,,
SICL,39,21,11,,
SICL,13,21,30,,
NIL,11,7,10,,
JBLB,14,50,10,,
JBLB,19,50,20,,
NIFRA,58,58,50,,
JBBL,26,57,100,,
EBL,58,29,40,,
HHL,28,21,10,,
RIDI,43,36,50,,
RIDI,43,49,51,,
RHGCL,45,4,10,,
NRIC,47,41,30,,
GVL,34,42,10,,
NLG,54,4,22,,
UPPER,34,47,10,,
JBBL,14,57,300,,
HDL,49,13,10,,
HDL,43,13,30,,
UPCL,58,22,550,,
RHGCL,45,39,10,,
NICLBSL,17,49,10,,
NESDO,28,35,10,,
NHPC,10,48,100,,
HHL,45,21,10,,
JBLB,48,35,10,,
BHDC,34,32,500,,
API,28,39,154,,
USHEC,37,41,50,,
MNBBL,11,10,10,,
UHEWA,52,52,10,,
NHPC,13,48,300,,
RHGCL,25,34,50,,
RHGCL,25,16,10,,
RHGCL,25,17,10,,
RHGCL,25,19,10,,
RHGCL,25,45,10,,
RHGCL,25,48,10,,
SLBSL,48,14,90,,
MFIL,42,58,50,,
RHGCL,45,21,10,,
CFCL,41,53,15,,
RHGCL,50,44,10,,
NTC,8,28,10,,
BHDC,34,21,10,,
UMRH,52,22,45,,
SANIMA,57,49,32,,
RHGCL,50,41,10,,
EDBL,22,58,100,,
NHPC,58,48,500,,
NMB,57,45,10,,
NABIL,47,4,35,,
NABIL,47,38,15,,
MBJC,34,52,10,,
SAPDBL,25,38,40,,
RFPL,34,54,80,,
RFPL,46,54,10,,
RHGCL,58,43,10,,
NABIL,7,38,18,,
UHEWA,19,59,10,,
RHGCL,50,38,10,,
LEC,1,16,200,,
LEC,43,16,100,,
LEC,14,16,203,,
RHGCL,50,58,10,,
BNHC,34,57,1020,,
UPPER,29,47,10,,
PICL,59,26,21,,
NCCB,48,51,30,,
RHGCL,22,38,10,,
RHGCL,22,52,10,,
RHGCL,22,34,10,,
KSBBL,11,34,10,,
RHGCL,50,16,10,,
RHGCL,50,39,10,,
RHGCL,50,59,10,,
NICLBSL,17,49,10,,
UHEWA,19,34,10,,
RHGCL,50,20,10,,
RHGCL,50,21,10,,
NHPC,14,58,80,,
SPC,28,48,43,,
RIDI,55,49,135,,
RIDI,55,58,80,,
RIDI,55,38,400,,
RIDI,55,58,385,,
TPC,50,52,10,,
TPC,55,52,20,,
TPC,21,52,10,,
TPC,25,52,20,,
ICFC,45,51,74,,
ICFC,14,51,16,,
ICFC,11,51,10,,
NLIC,51,26,10,,
RHGCL,50,48,10,,
BHDC,34,58,10,,
API,8,8,1,,
AKPL,48,35,110,,
RHGCL,1,16,10,,
RHGCL,1,39,10,,
EBL,11,33,10,,
SHINE,34,20,30,,
SHINE,17,20,200,,
SHINE,17,20,50,,
SHINE,38,20,20,,
NICA,43,7,50,,
SPC,28,48,20,,
SPC,55,48,10,,
BNHC,34,57,950,,
BNHC,19,57,50,,
HURJA,50,32,185,,
HURJA,38,32,35,,
RHGCL,49,44,10,,
HDL,34,49,20,,
MHL,58,34,10,,
NUBL,45,49,10,,
NUBL,45,51,190,,
FOWAD,36,57,38,,
FOWAD,16,57,50,,
FOWAD,16,57,10,,
FOWAD,41,57,12,,
NTC,41,28,40,,
RHGCL,22,44,10,,
HDL,56,49,40,,
RHGCL,49,58,10,,
RHGCL,49,39,10,,
NICLBSL,17,49,10,,
HDL,56,58,60,,
NSLB,6,54,40,,
HHL,28,48,10,,
JOSHI,43,25,300,,
KSBBL,38,37,143,,
RHGCL,22,21,10,,
CBBL,17,16,45,,
CBBL,58,16,30,,
CBBL,45,16,10,,
CBBL,33,16,15,,
KMCDB,53,25,250,,
MHL,21,38,10,,
CZBIL,45,22,250,,
CZBIL,1,22,10,,
RULB,58,58,1,,
NLIC,6,58,11,,
RULB,53,58,10,,
NESDO,28,35,10,,
NTC,41,32,60,,
CZBIL,11,47,10,,
MBJC,34,38,10,,
SHIVM,19,11,50,,
MHL,40,44,10,,
SBL,25,26,30,,
PROFL,49,20,70,,
JBLB,14,35,10,,
JBLB,21,35,10,,
JBLB,22,35,20,,
JBLB,57,35,10,,
AHPC,33,22,28,,
NLIC,6,58,39,,
MLBS,42,34,35,,
NICLBSL,51,49,20,,
API,8,8,1,,
HDHPC,58,39,320,,
HDHPC,36,39,500,,
HDHPC,51,39,130,,
IGI,59,21,111,,
MFIL,47,51,830,,
KBL,6,58,5,,
HIDCL,38,59,96,,
HIDCL,34,59,80,,
HIDCL,34,59,25,,
HIDCL,25,59,50,,
HIDCL,17,59,100,,
HIDCL,52,59,200,,
HIDCL,35,59,100,,
HIDCL,42,59,20,,
HIDCL,43,59,100,,
HIDCL,38,59,500,,
HIDCL,32,59,100,,
HIDCL,51,59,140,,
HIDCL,26,59,100,,
HIDCL,57,59,100,,
HIDCL,45,59,200,,
HIDCL,35,59,20,,
HIDCL,33,59,20,,
HIDCL,19,59,350,,
HIDCL,42,59,199,,
NHPC,47,45,200,,
HDHPC,42,42,100,,
SWMF,38,58,3,,
SAHAS,57,58,10,,
NESDO,28,35,10,,
SBL,39,26,10,,
MLBL,59,5,50,,
CGH,43,4,100,,
JOSHI,34,57,65,,
AKPL,48,58,10,,
SCB,8,34,100,,
AKJCL,49,58,10,,
RHGCL,42,44,10,,
ALICL,40,39,10,,
RHGCL,42,58,10,,
NABIL,49,38,17,,
NICA,54,17,10,,
UHEWA,19,57,10,,
API,8,8,1,,
RHGCL,42,25,10,,
NESDO,4,28,95,,
MFIL,6,21,33,,
SAPDBL,25,49,15,,
UHEWA,19,58,10,,
RHGCL,42,58,10,,
RHGCL,42,16,10,,
RHGCL,1,44,10,,
RHGCL,25,21,10,,
RHGCL,25,49,10,,
GBBL,57,54,40,,
RHGCL,25,38,10,,
GBBL,11,54,50,,
RHGCL,25,33,10,,
PICL,59,21,30,,
HDL,17,19,15,,
NTC,57,28,84,,
RHGCL,25,35,10,,
CHCL,42,49,226,,
UPCL,28,22,300,,
SANIMA,43,49,70,,
NTC,8,28,50,,
USHEC,41,6,10,,
SADBL,21,49,100,,
RHGCL,50,46,10,,
FOWAD,41,22,10,,
RHGCL,57,21,10,,
ENL,52,8,10,,
ENL,52,8,10,,
SBL,39,26,10,,
ENL,28,8,10,,
MNBBL,45,10,101,,
RULB,53,41,10,,
RHGCL,57,4,10,,
RHGCL,6,22,10,,
SBL,38,26,50,,
SBL,40,26,50,,
SBL,21,26,10,,
SBL,29,26,100,,
AKPL,52,21,18,,
NCCB,58,51,300,,
NCCB,51,51,100,,
NCCB,48,51,60,,
NCCB,59,51,24,,
MPFL,22,58,214,,
MPFL,52,58,100,,
MPFL,22,58,166,,
MPFL,41,58,20,,
NHPC,10,45,100,,
NYADI,6,21,108,,
NYADI,58,21,10,,
NYADI,40,21,20,,
NYADI,4,21,12,,
RHGCL,6,32,10,,
NYADI,40,21,50,,
SICL,50,34,38,,
UHEWA,19,53,10,,
RHGCL,6,56,10,,
DDBL,21,42,20,,
DDBL,58,42,50,,
DDBL,45,42,25,,
DDBL,45,42,25,,
DDBL,58,42,20,,
DDBL,42,42,50,,
DDBL,33,42,100,,
DDBL,22,42,50,,
DDBL,41,42,30,,
DDBL,19,42,100,,
DDBL,41,42,20,,
DDBL,58,42,10,,
NTC,34,28,76,,
API,8,8,1,,
RHGCL,42,38,10,,
NICA,43,50,100,,
RHGCL,38,21,10,,
NHPC,14,47,220,,
NHPC,58,47,20,,
MBJC,34,56,10,,
MHL,40,42,10,,
RHGCL,52,58,10,,
RHGCL,52,39,10,,
USHEC,34,21,70,,
USHEC,41,58,10,,
SAHAS,57,45,390,,
SAHAS,29,45,100,,
SAHAS,14,45,90,,
SAHAS,36,45,100,,
JBLB,34,8,10,,
RADHI,42,21,100,,
NABIL,1,5,100,,
MFIL,43,51,50,,
MHL,40,58,10,,
NTC,58,28,25,,
GUFL,38,16,20,,
RBCLPO,28,26,20,,
ALICL,40,33,30,,
ALICL,58,33,10,,
DHPL,25,13,20,,
DHPL,42,13,180,,
NICLBSL,51,22,100,,
RHGCL,7,38,10,,
ULBSL,22,57,10,,
NICA,42,50,40,,
API,8,8,1,,
DORDI,34,6,10,,
ICFC,35,58,10,,
NGPL,53,42,50,,
NGPL,53,13,500,,
NGPL,53,43,100,,
USHEC,52,21,30,,
USHEC,52,36,10,,
USHEC,52,58,10,,
RHGCL,7,39,10,,
NTC,38,28,110,,
DDBL,42,51,100,,
DDBL,35,51,55,,
ALICL,8,52,500,,
RIDI,39,58,100,,
RIDI,10,58,50,,
RIDI,7,58,50,,
RIDI,39,58,90,,
RIDI,58,58,1750,,
RIDI,21,58,460,,
RIDI,59,58,115,,
NTC,58,38,50,,
RHGCL,7,21,10,,
SGHC,57,56,10,,
RULB,58,34,25,,
RULB,6,34,10,,
RULB,49,34,10,,
CZBIL,45,22,230,,
RHGCL,7,21,10,,
SAHAS,14,57,10,,
MHL,40,44,10,,
ILBS,41,54,30,,
UHEWA,19,29,10,,
LICN,28,14,10,,
KSBBL,13,47,250,,
BFC,56,22,90,,
ADBL,56,7,100,,
MFIL,43,51,220,,
RHGCL,7,45,10,,
HHL,42,58,10,,
HHL,42,43,10,,
NRIC,43,58,20,,
RIDI,59,21,93,,
RULB,25,5,50,,
ALBSL,38,34,75,,
SSHL,34,45,19,,
SSHL,1,45,250,,
SSHL,44,45,80,,
SSHL,34,45,100,,
SSHL,21,45,100,,
SSHL,51,45,451,,
BHL,33,58,10,,
DDBL,52,51,200,,
DDBL,10,51,10,,
DDBL,7,51,10,,
SHIVM,47,52,200,,
UMHL,42,46,66,,
RHGCL,7,21,10,,
MDB,29,57,570,,
SSHL,51,7,29,,
NLG,36,4,119,,
CIT,53,58,20,,
NABIL,45,21,45,,
UHEWA,52,34,10,,
RHGCL,7,45,10,,
CIT,22,19,10,,
UHEWA,52,42,10,,
GFCL,18,32,345,,
GFCL,14,32,102,,
GFCL,22,32,48,,
API,8,8,1,,
HDHPC,58,33,50,,
HDHPC,38,33,50,,
MDB,20,14,1500,,
MDB,20,40,300,,
FMDBL,58,5,10,,
RHGCL,7,43,10,,
RLFL,32,16,19,,
RHGCL,7,38,10,,
SHPC,5,49,10,,
RHGCL,7,43,10,,
NLG,1,4,10,,
NTC,32,28,500,,
NESDO,41,35,10,,
NTC,6,28,50,,
RHGCL,7,58,10,,
UNHPL,10,58,90,,
CBLD88,6,19,25,,
CBLD88,39,19,25,,
EDBL,42,1,100,,
RIDI,59,45,92,,
RIDI,59,39,100,,
RIDI,59,58,100,,
USHEC,41,58,70,,
SGHC,57,41,10,,
SWMF,34,5,311,,
NLG,26,4,50,,
NLG,26,4,11,,
NLG,22,4,100,,
NLG,44,4,710,,
ADBL,56,55,100,,
USHEC,41,58,300,,
USHEC,41,58,100,,
USHEC,38,58,40,,
USHEC,28,58,200,,
USHEC,41,58,120,,
USHEC,41,58,70,,
BHL,33,58,10,,
AHPC,28,21,175,,
AHPC,26,21,200,,
AHPC,58,21,180,,
SAHAS,17,38,10,,
MNBBL,38,14,40,,
HDHPC,34,38,30,,
SAHAS,6,38,10,,
NTC,48,28,10,,
AKPL,48,39,10,,
NHPC,49,45,300,,
CFCL,11,32,90,,
CFCL,55,32,10,,
RIDI,21,54,40,,
API,8,8,1,,
AHPC,58,34,20,,
USHEC,41,21,10,,
USHEC,43,42,10,,
SGHC,58,59,10,,
CHL,53,1,50,,
NICA,49,50,20,,
NLG,44,4,290,,
NLG,35,4,90,,
NLG,32,4,25,,
NLG,47,4,120,,
NLG,54,4,20,,
NLG,55,4,400,,
NLG,26,4,20,,
NLG,38,4,25,,
SHIVM,17,4,2630,,
NLG,17,4,10,,
SHIVM,49,4,300,,
UPCL,50,45,10,,
KPCL,45,36,20,,
KPCL,55,36,200,,
KPCL,45,36,100,,
KPCL,21,36,250,,
KPCL,25,36,40,,
KPCL,59,36,50,,
KPCL,25,36,10,,
KPCL,19,36,10,,
KPCL,58,36,10,,
KPCL,46,36,10,,
UHEWA,52,51,10,,
RHGCL,46,34,10,,
RHGCL,17,34,30,,
RHGCL,44,34,50,,
RHGCL,38,34,20,,
RHGCL,54,34,50,,
RHGCL,8,34,10,,
RHGCL,33,34,270,,
RHGCL,6,34,60,,
RHGCL,42,34,150,,
NESDO,28,35,10,,
RHGCL,13,34,10,,
BHDC,34,56,10,,
SHPC,34,32,600,,
SHPC,55,32,50,,
SHPC,57,32,50,,
SAHAS,6,38,10,,
NTC,49,11,2,,
RHGCL,13,46,10,,
GBLBS,41,26,146,,
GBLBS,22,26,100,,
GBLBS,58,26,54,,
FMDBL,36,38,10,,
SPDL,36,4,200,,
HIDCL,42,55,32,,
SAPDBL,52,45,100,,
SAPDBL,55,45,44,,
UPCL,50,46,40,,
RHGCL,43,25,10,,
RHGCL,51,39,10,,
API,25,20,37,,
KSBBL,58,34,37,,
KSBBL,51,34,23,,
RHGCL,51,21,10,,
RIDI,40,38,50,,
HHL,28,57,10,,
TPC,25,53,10,,
SABSL,57,29,10,,
SABSL,39,29,20,,
SABSL,42,29,33,,
SABSL,26,29,100,,
SABSL,34,29,17,,
CHL,53,51,50,,
SABSL,13,29,20,,
LEC,14,13,774,,
LEC,41,13,116,,
SGHC,58,49,10,,
AKPL,48,58,20,,
PCBL,44,25,10,,
PCBL,44,25,10,,
HBL,32,45,22,,
ALBSL,50,58,10,,
API,8,8,1,,
NICA,14,54,50,,
SHPC,48,49,500,,
SHPC,32,49,50,,
SHPC,43,49,90,,
SHPC,29,49,188,,
NUBL,44,48,70,,
NLG,32,54,35,,
JBBL,57,57,200,,
API,22,51,40,,
API,41,51,50,,
API,46,51,10,,
HDHPC,42,42,105,,
AKJCL,41,39,50,,
MFIL,43,33,80,,
RHGCL,42,21,10,,
AHPC,56,22,10,,
MLBL,19,35,55,,
MLBL,4,35,500,,
MLBL,41,35,120,,
MLBL,53,35,25,,
SWMF,29,5,30,,
CFCL,55,26,10,,
CFCL,58,26,60,,
CFCL,14,26,59,,
MHL,7,21,10,,
KLBSL,42,44,18,,
KLBSL,42,44,100,,
KLBSL,52,44,50,,
KLBSL,56,44,10,,
KLBSL,42,44,20,,
KLBSL,41,44,46,,
JBLB,58,42,17,,
NICBF,43,57,900,,
NLG,11,4,100,,
NLG,47,4,40,,
NLG,11,4,100,,
NLG,6,4,100,,
NLG,52,4,50,,
NLG,55,4,400,,
NLG,1,4,100,,
NLG,44,4,600,,
NLG,46,4,100,,
NLG,48,4,20,,
NLG,21,4,10,,
NLG,34,4,50,,
NLG,56,4,10,,
NLG,55,4,22,,
JOSHI,58,21,10,,
PFL,48,34,25,,
UPPER,58,1,100,,
UPPER,37,1,100,,
RHGCL,42,16,10,,
MERO,44,29,50,,
MERO,3,29,30,,
MERO,10,29,30,,
MERO,26,29,25,,
MERO,41,29,40,,
MERO,41,29,50,,
MERO,49,29,100,,
MERO,13,29,20,,
MERO,50,29,500,,
MERO,47,29,100,,
HHL,21,39,10,,
PRVU,50,45,98,,
PRVU,50,58,80,,
RHGCL,42,4,10,,
SCB,8,33,457,,
SCB,45,33,500,,
SCB,45,33,110,,
RHGCL,42,41,10,,
UPPER,33,39,49,,
UPPER,16,39,51,,
MFIL,55,51,70,,
MFIL,4,51,30,,
SRBL,38,49,40,,
SAPDBL,55,52,700,,
JBLB,58,45,10,,
MHL,21,45,10,,
CZBIL,45,29,100,,
CZBIL,45,45,170,,
CHCL,42,49,153,,
CHCL,16,49,147,,
IGI,25,41,500,,
IGI,29,41,20,,
IGI,29,41,20,,
IGI,53,41,40,,
IGI,57,41,100,,
IGI,55,41,233,,
IGI,45,41,49,,
IGI,59,41,50,,
IGI,45,41,200,,
IGI,57,41,10,,
IGI,57,41,100,,
IGI,34,41,200,,
IGI,26,41,100,,
IGI,26,41,25,,
IGI,45,41,20,,
IGI,42,41,100,,
IGI,37,41,100,,
IGI,56,41,10,,
IGI,53,41,20,,
IGI,19,41,50,,
IGI,45,41,100,,
IGI,13,41,385,,
UHEWA,42,21,10,,
NICLBSL,21,38,10,,
IGI,45,41,67,,
NICA,40,54,50,,
RHGCL,42,16,10,,
GMFIL,1,43,10,,
API,8,8,1,,
UPCL,11,25,300,,
UPCL,26,25,150,,
UPCL,32,25,200,,
UPCL,52,25,69,,
NGPL,44,32,303,,
NGPL,37,32,200,,
NGPL,41,32,32,,
NGPL,48,32,100,,
NGPL,38,32,20,,
NGPL,42,32,30,,
NGPL,22,32,50,,
RHGCL,42,21,10,,
RHGCL,42,38,10,,
NABIL,42,19,10,,
RHGCL,42,52,10,,
KEF,59,6,4100,,
KEF,43,6,1850,,
PFL,48,45,150,,
UNHPL,7,33,100,,
NHPC,25,54,50,,
FOWAD,57,40,60,,
PROFL,49,58,42,,
NMB,28,45,102,,
NMB,59,45,160,,
GLH,45,43,35,,
GLH,41,43,200,,
GLH,43,43,100,,
GLH,14,43,50,,
GLH,8,43,100,,
GLH,38,43,50,,
GLH,58,43,50,,
GLH,8,43,40,,
GLH,56,43,115,,
RHGCL,42,58,10,,
NHPC,57,45,20,,
KSBBL,51,6,77,,
KSBBL,55,6,30,,
KSBBL,55,6,101,,
KSBBL,34,6,182,,
KSBBL,53,6,10,,
RHGCL,42,32,10,,
RHGCL,42,41,10,,
NTC,41,28,100,,
NTC,46,28,10,,
SLBSL,48,52,13,,
LBL,42,14,158,,
LBL,55,14,42,,
HDHPC,42,53,91,,
RHGCL,42,42,10,,
RIDI,45,50,40,,
AHPC,29,22,100,,
BPCL,57,41,48,,
CGH,50,58,20,,
CGH,10,58,10,,
RFPL,58,13,30,,
RFPL,50,13,385,,
RFPL,6,13,180,,
NESDO,28,35,10,,
SGHC,1,58,10,,
SHINE,13,11,50,,
MFIL,4,33,20,,
ALICL,48,8,100,,
ALICL,45,8,10,,
ALICL,26,8,100,,
ALICL,56,8,200,,
ALICL,6,8,320,,
ALICL,37,8,25,,
ALICL,45,8,35,,
ALICL,50,8,60,,
RIDI,41,50,60,,
RHGCL,42,21,10,,
NABIL,50,19,10,,
NBL,58,34,10,,
NESDO,28,49,10,,
PCBL,44,57,527,,
HDHPC,39,59,1000,,
RFPL,6,58,10,,
SAHAS,6,42,80,,
SAHAS,1,42,20,,
GUFL,14,34,19,,
NTC,58,14,100,,
RHGCL,42,41,10,,
MHL,21,38,10,,
USHEC,43,34,10,,
CIT,11,19,15,,
NMB,34,45,50,,
NICL,21,32,20,,
UNHPL,7,48,153,,
UNHPL,11,48,100,,
SLBBL,37,35,10,,
SLBBL,42,35,20,,
SLBBL,41,35,10,,
KBL,21,35,30,,
KBL,57,35,14,,
UHEWA,33,58,10,,
UMHL,42,21,100,,
UMHL,53,21,50,,
UMHL,34,21,50,,
AHPC,52,22,103,,
SHINE,22,19,100,,
API,8,8,1,,
HIDCL,42,38,52,,
RHGCL,42,39,10,,
ACLBSL,32,42,13,,
RHGCL,42,35,10,,
JBBL,49,57,150,,
API,38,20,37,,
GUFL,48,34,10,,
API,25,45,300,,
SICL,36,35,25,,
PCBL,44,57,473,,
USHEC,50,32,40,,
RHGCL,42,16,10,,
RFPL,45,54,10,,
NLICL,6,29,740,,
NLICL,14,29,50,,
NLICL,16,29,200,,
NLICL,55,29,100,,
NLICL,28,29,100,,
UHEWA,33,42,10,,
SEF,32,57,400,,
SEF,57,57,5000,,
SEF,58,57,1000,,
SEF,28,57,500,,
SEF,44,57,5000,,
SEF,17,57,3600,,
SEF,11,57,1000,,
RIDI,7,50,50,,
SKBBL,53,53,18,,
SKBBL,1,53,26,,
HIDCL,42,42,17,,
NESDO,42,44,10,,
PRVU,21,58,20,,
PCBL,44,20,468,,
MDB,29,49,11,,
MDB,32,49,300,,
MDB,51,49,12,,
MDB,38,49,100,,
KBL,57,17,86,,
KBL,3,17,14,,
NTC,49,28,200,,
NTC,59,28,300,,
NHPC,25,28,474,,
NHPC,55,28,306,,
NHPC,57,28,220,,
MBJC,34,4,10,,
RHGCL,42,21,10,,
JBBL,44,57,62,,
API,38,10,13,,
API,34,10,310,,
API,32,10,477,,
SFCL,51,7,25,,
UPPER,16,38,95,,
RHGCL,42,58,10,,
SJCL,45,52,20,,
RHGCL,42,34,10,,
UPCL,52,38,31,,
UPCL,49,38,69,,
SGHC,1,45,10,,
RHGCL,42,38,10,,
SICL,36,39,17,,
SICL,29,39,20,,
SICL,34,39,50,,
SLBSL,48,45,15,,
SLBSL,5,45,25,,
HDHPC,39,59,500,,
EBL,59,33,500,,
CBBL,33,35,50,,
NTC,48,28,10,,
SGHC,42,58,10,,
SGHC,42,22,10,,
SGHC,42,58,10,,
RHGCL,45,59,10,,
SRBL,7,38,200,,
SRBL,7,6,1000,,
AKPL,48,21,40,,
AKPL,58,21,160,,
USHEC,26,32,50,,
RHGCL,42,16,10,,
RHGCL,42,49,10,,
CHL,53,52,476,,
CHL,39,52,24,,
PROFL,49,58,65,,
PROFL,26,58,150,,
KSBBL,34,25,18,,
KSBBL,28,25,29,,
HIDCL,13,42,10,,
LEC,41,54,50,,
BHL,33,58,10,,
NHPC,52,34,300,,
NTC,58,28,200,,
RHGCL,33,45,10,,
SGHC,1,49,10,,
IGI,19,33,100,,
IGI,56,33,12,,
IGI,34,33,160,,
NTC,40,28,25,,
SICL,5,42,61,,
SICL,38,42,43,,
UHEWA,33,51,10,,
GUFL,32,32,50,,
RHGCL,33,16,10,,
GUFL,38,32,10,,
GUFL,50,32,50,,
GUFL,20,32,111,,
LBBL,41,33,10,,
RHGCL,33,21,10,,
MHL,19,14,10,,
MHL,19,58,10,,
MHL,19,44,10,,
KBL,3,54,11,,
PCBL,44,42,59,,
PCBL,14,42,50,,
PCBL,41,42,20,,
PCBL,22,42,219,,
GVL,49,58,10,,
RHGCL,33,8,10,,
NABIL,58,19,20,,
USHEC,1,32,50,,
NIFRA,6,35,50,,
SAHAS,38,33,30,,
SAHAS,37,33,200,,
SAHAS,14,33,174,,
SAHAS,21,33,100,,
SAHAS,39,33,80,,
SAHAS,33,33,300,,
RMDC,47,45,16,,
RMDC,42,45,35,,
RMDC,26,45,50,,
RHGCL,33,34,10,,
GFCL,7,14,16,,
NCCB,59,37,250,,
RHGCL,33,16,10,,
RHGCL,33,59,10,,
SMATA,47,58,30,,
API,8,8,1,,
RHGCL,33,42,10,,
RHGCL,33,32,10,,
NMB,33,40,1000,,
IGI,34,33,450,,
GUFL,20,34,89,,
GUFL,3,34,50,,
GUFL,35,34,25,,
GUFL,35,8,100,,
NTC,34,28,200,,
NTC,41,28,50,,
BFC,56,38,10,,
SINDU,32,57,65,,
HDL,28,25,30,,
RHGCL,33,21,10,,
RHGCL,33,39,10,,
API,32,33,129,,
API,45,33,71,,
API,43,33,100,,
RHGCL,33,22,10,,
NLICL,7,17,10,,
CFCL,14,38,41,,
CFCL,58,38,60,,
CFCL,38,38,49,,
PCBL,42,20,15,,
NABIL,16,19,10,,
AKPL,52,19,34,,
AKPL,52,19,59,,
RADHI,4,34,35,,
UPPER,16,41,30,,
CORBL,49,45,88,,
CORBL,49,45,13,,
UPCL,49,48,31,,
UPCL,28,48,100,,
UPCL,11,48,69,,
ICFC,14,32,284,,
ICFC,32,32,100,,
ICFC,45,32,136,,
ICFC,50,32,50,,
ICFC,41,32,30,,
GUFL,35,34,75,,
GUFL,7,34,1700,,
GUFL,28,34,25,,
RMDC,47,45,20,,
RMDC,42,45,20,,
RMDC,57,45,20,,
RMDC,42,45,50,,
HIDCL,58,57,492,,
HIDCL,33,57,100,,
HIDCL,19,57,10,,
HIDCL,33,57,250,,
HIDCL,56,57,15,,
HIDCL,56,57,18,,
HIDCL,37,57,100,,
HIDCL,11,57,15,,
KRBL,52,34,10,,
RHGCL,33,22,10,,
JBLB,28,41,30,,
ADBL,59,51,1431,,
JBLB,22,41,10,,
ADBL,59,45,69,,
JBLB,48,41,10,,
JBLB,42,41,10,,
JBLB,49,41,40,,
LICN,28,14,10,,
UMRH,6,48,34,,
SLBSL,48,14,10,,
UMRH,45,48,16,,
RHGCL,33,35,10,,
ALICL,50,33,40,,
ALICL,22,33,30,,
MHL,21,21,10,,
EBL,51,33,100,,
EBL,35,33,50,,
EBL,42,33,150,,
EBL,38,33,100,,
EBL,58,33,20,,
EBL,46,33,300,,
EBL,39,33,10,,
EBL,26,33,900,,
EBL,26,33,100,,
EBL,58,33,80,,
EBL,3,33,203,,
EBL,58,33,100,,
EBL,49,33,50,,
EBL,58,33,50,,
EBL,7,33,100,,
NCCB,59,54,14,,
HDHPC,34,54,50,,
RHGCL,33,21,10,,
NUBL,38,38,40,,
HDL,28,8,30,,
BHDC,34,25,30,,
BHDC,20,25,20,,
SGHC,11,56,40,,
NLBBL,29,49,10,,
UHEWA,33,58,10,,
FMDBL,49,42,30,,
UHEWA,33,58,10,,
RHGCL,33,22,10,,
SRBL,7,6,644,,
API,43,44,200,,
RHGCL,33,16,10,,
CIT,43,39,20,,
CIT,34,39,20,,
CIT,59,39,25,,
CIT,19,39,100,,
CIT,53,39,20,,
CIT,40,39,20,,
CIT,44,39,10,,
CIT,50,39,50,,
CIT,8,39,36,,
CIT,22,39,15,,
CIT,42,39,10,,
CIT,10,39,10,,
NTC,38,32,10,,
NIFRA,58,45,10,,
HIDCL,56,6,16,,
JOSHI,56,57,25,,
JOSHI,45,57,35,,
UNHPL,17,33,50,,
RHGCL,33,22,10,,
SFMF,36,57,600,,
SFMF,59,57,5000,,
SFMF,38,57,2000,,
SFMF,6,57,1700,,
SFMF,38,57,2000,,
RHGCL,33,16,10,,
SICL,38,7,10,,
NSLB,17,34,50,,
NSLB,38,34,150,,
AHPC,52,39,11,,
HDHPC,58,59,57,,
HDHPC,42,59,36,,
HDHPC,36,59,500,,
HDHPC,39,59,250,,
HDHPC,44,59,157,,
RFPL,45,21,10,,
USHEC,1,4,10,,
RHGCL,33,38,10,,
JALPA,57,22,10,,
API,8,8,1,,
PICL,59,58,30,,
RHGCL,33,22,10,,
RHGCL,33,21,10,,
UHEWA,33,6,10,,
AKPL,58,16,20,,
AKPL,33,16,10,,
AKPL,42,16,20,,
AKPL,21,16,50,,
RIDI,17,50,50,,
CFCL,38,34,41,,
RHGCL,57,16,10,,
NMB,33,45,1000,,
RHGCL,49,49,10,,
SMFBS,47,7,10,,
HDL,42,8,20,,
NICL,19,48,39,,
NICL,32,48,32,,
UNHPL,17,33,50,,
UNHPL,28,33,100,,
CZBIL,55,29,465,,
CZBIL,38,29,10,,
CZBIL,48,29,263,,
CZBIL,53,29,55,,
CZBIL,58,29,55,,
CZBIL,40,29,20,,
CZBIL,4,29,32,,
CZBIL,51,29,100,,
SAPDBL,55,39,256,,
SAPDBL,32,39,100,,
GVL,49,21,10,,
RHGCL,49,22,10,,
LBBL,41,33,10,,
RHGCL,49,16,10,,
LICN,25,35,25,,
LICN,35,35,10,,
LICN,52,35,50,,
LICN,25,35,330,,
LICN,4,35,300,,
LICN,4,35,110,,
LICN,26,35,50,,
LICN,38,35,25,,
LICN,25,35,100,,
LICN,53,35,50,,
RHGCL,49,10,10,,
BPCL,43,41,200,,
UNHPL,57,58,38,,
SGHC,32,56,10,,
SGHC,57,56,500,,
SGHC,6,56,100,,
SGHC,32,56,10,,
SGHC,21,56,300,,
SGHC,14,56,90,,
ADBL,59,39,13,,
MBJC,34,58,12,,
UHEWA,33,46,10,,
SRBL,7,49,50,,
ENL,25,34,100,,
SMFBS,48,7,30,,
CFCL,38,14,10,,
AHPC,52,34,36,,
AHPC,49,34,20,,
AHPC,25,34,50,,
AHPC,58,34,25,,
AHPC,37,34,50,,
AHPC,50,34,19,,
RHGCL,8,4,84,,
RHGCL,38,4,20,,
RHGCL,53,4,50,,
RHGCL,53,4,20,,
RHGCL,34,4,100,,
RHGCL,6,4,10,,
RHGCL,55,4,56,,
RHGCL,32,4,40,,
RHGCL,34,4,50,,
RHGCL,49,4,70,,
GIMES1,58,33,175,,
RHGCL,49,40,10,,
AKPL,53,54,50,,
AKPL,22,54,47,,
RHGCL,49,22,10,,
FOWAD,57,37,15,,
UIC,45,43,36,,
SADBL,54,20,56,,
SADBL,57,20,300,,
SADBL,6,34,100,,
SADBL,57,34,20,,
SGHC,14,54,10,,
SADBL,21,34,100,,
SADBL,33,34,100,,
SGHC,34,54,20,,
SADBL,47,34,100,,
SADBL,32,34,50,,
SADBL,32,34,25,,
SADBL,42,34,1000,,
SADBL,46,34,250,,
GBBL,21,51,50,,
SFCL,44,40,65,,
SFCL,57,40,100,,
SFCL,14,40,100,,
HHL,21,49,10,,
SHL,32,41,100,,
SHL,32,39,400,,
RHGCL,49,38,10,,
RHGCL,49,21,10,,
LBL,55,17,58,,
CZBIL,52,45,10,,
CBBL,34,36,50,,
NBL,7,34,500,,
MERO,42,7,74,,
RHGCL,49,22,10,,
RHGCL,49,10,10,,
NICBF,22,19,6500,,
GVL,49,22,10,,
NICA,14,4,17,,
NICA,26,4,25,,
NICA,4,4,110,,
NICA,38,4,15,,
NICA,25,4,18,,
HEI,32,43,11,,
MFIL,55,34,10,,
MFIL,55,21,10,,
UPCL,11,59,131,,
UPCL,49,59,100,,
UPCL,11,59,19,,
JBLB,8,35,15,,
GMFIL,1,45,140,,
RHGCL,49,22,10,,
MLBL,40,29,50,,
NHPC,57,38,20,,
BHDC,20,21,10,,
SHL,32,58,5000,,
MHL,42,47,50,,
RHGCL,49,21,10,,
UPPER,57,52,15,,
MBJC,16,29,24,,
NHPC,57,58,130,,
NTC,58,38,10,,
RHGCL,49,22,10,,
JBBL,49,57,51,,
JBBL,49,29,49,,
RHGCL,57,47,10,,
SKBBL,1,5,20,,
SKBBL,17,5,10,,
SKBBL,33,5,50,,
NABIL,16,29,10,,
RHGCL,49,39,10,,
RIDI,7,38,50,,
USHEC,43,14,10,,
CGH,59,56,50,,
CGH,16,56,50,,
CGH,59,56,100,,
NTC,58,13,521,,
ADBL,35,39,48,,
NLIC,42,44,60,,
RHGCL,49,22,10,,
KBL,42,39,300,,
KBL,7,39,100,,
KBL,45,39,10,,
KBL,49,39,50,,
KBL,40,39,100,,
KBL,45,39,500,,
KBL,48,39,560,,
RHGCL,49,47,10,,
BHDC,20,14,10,,
NABIL,49,57,18,,
HDHPC,44,48,200,,
SGHC,34,8,10,,
RHGCL,49,35,10,,
RHGCL,49,16,10,,
SMATA,37,8,50,,
RHGCL,49,22,10,,
NBL,7,48,404,,
SPC,28,48,100,,
NLIC,37,44,100,,
NYADI,4,53,10,,
NLICL,6,42,374,,
SAPDBL,58,39,300,,
SAPDBL,48,39,30,,
SAPDBL,17,39,50,,
SAPDBL,41,39,100,,
SADBL,48,48,3300,,
OHL,32,45,19,,
RHGCL,49,58,10,,
NLIC,51,44,50,,
JBLB,49,21,10,,
JBLB,22,21,10,,
JBLB,16,21,10,,
JBLB,26,21,10,,
JBLB,58,21,10,,
PCBL,22,17,50,,
NLIC,35,44,100,,
NMB,59,49,30,,
RHGCL,49,3,10,,
MFIL,57,45,200,,
MFIL,32,45,65,,
MFIL,45,45,274,,
RHGCL,49,22,10,,
RURU,45,21,13,,
RIDI,6,38,50,,
GILB,14,4,50,,
RHGCL,49,38,10,,
MBJC,34,58,10,,
SPC,5,45,40,,
SHL,1,57,200,,
NTC,58,38,40,,
RHGCL,49,38,10,,
SFCL,42,1,730,,
SFCL,42,21,35,,
SFCL,42,10,150,,
SFCL,42,33,185,,
RHGCL,51,22,10,,
SAPDBL,19,39,45,,
SAPDBL,17,39,450,,
BHDC,20,8,10,,
NICLBSL,38,52,10,,
NLIC,11,44,100,,
NLIC,5,44,25,,
NLIC,32,44,50,,
NLIC,4,44,10,,
NLIC,29,44,150,,
NLIC,38,44,10,,
NLIC,38,44,10,,
NLIC,26,44,20,,
NLIC,25,44,10,,
NLIC,45,44,10,,
NLIC,4,44,100,,
NLIC,45,44,50,,
NLIC,1,44,10,,
SHL,1,53,100,,
SBL,45,38,11,,
RHGCL,42,41,10,,
ADBL,17,39,30,,
ADBL,57,39,10,,
SFCL,39,33,15,,
RHGCL,49,21,10,,
RHGCL,49,6,10,,
NICL,34,32,10,,
NABIL,54,29,50,,
NABIL,40,29,20,,
NABIL,7,29,15,,
NABIL,32,29,40,,
NABIL,26,29,20,,
NABIL,54,29,18,,
SAPDBL,17,39,50,,
SAPDBL,53,39,100,,
SAPDBL,47,39,200,,
SAPDBL,56,39,150,,
BHL,43,58,10,,
SPC,45,45,160,,
CHCL,16,49,53,,
CZBIL,57,45,100,,
SICL,26,42,50,,
BARUN,53,34,50,,
BARUN,53,21,60,,
GMFIL,57,34,85,,
PCBL,49,20,100,,
HDHPC,45,54,200,,
RHGCL,49,6,10,,
GLH,56,58,165,,
JFL,47,8,75,,
BHL,43,8,10,,
NABIL,49,4,100,,
NLG,6,42,853,,
NHPC,57,38,30,,
NHPC,22,38,70,,
GILB,56,4,100,,
SICL,21,42,15,,
NLIC,42,44,100,,
NICSF,59,57,100,,
JFL,38,21,17,,
GUFL,58,44,50,,
GUFL,58,44,65,,
GUFL,34,44,100,,
GUFL,32,44,100,,
NLIC,37,44,100,,
JBBL,34,42,690,,
JBBL,51,42,20,,
JBBL,16,42,20,,
RHGCL,49,58,10,,
JBBL,38,42,20,,
JBBL,57,42,50,,
JBBL,28,42,100,,
JBBL,50,42,100,,
NHPC,22,53,80,,
NICA,19,58,10,,
NBL,7,34,1000,,
NICL,19,10,52,,
MPFL,22,7,97,,
NICA,25,17,182,,
NICA,55,17,70,,
UNHPL,57,16,100,,
SICL,21,33,15,,
SICL,10,33,15,,
SICL,45,33,10,,
SICL,35,33,50,,
SICL,13,33,50,,
SICL,38,33,10,,
SHIVM,17,25,370,,
SHIVM,14,25,50,,
SHIVM,6,25,80,,
KSBBL,28,8,10,,
HBL,4,42,10,,
PROFL,59,34,96,,
BHL,43,8,10,,
GILB,45,4,20,,
GVL,25,58,10,,
MHL,46,52,10,,
JBLB,39,35,15,,
BBC,1,22,10,,
UHEWA,33,36,10,,
KSBBL,28,57,54,,
UHEWA,33,58,10,,
KEF,43,57,100,,
ICFC,45,33,364,,
ICFC,57,33,50,,
SGHC,21,35,10,,
RHGCL,49,21,10,,
NLG,6,42,300,,
GMFIL,22,13,100,,
GMFIL,7,13,50,,
GMFIL,58,13,50,,
GMFIL,50,13,200,,
GMFIL,41,13,980,,
RHGCL,49,6,10,,
MNBBL,19,10,10,,
MHL,46,33,10,,
SJCL,32,58,57,,
SJCL,13,58,170,,
HHL,28,58,10,,
SJCL,38,58,50,,
ALICL,22,56,50,,
API,45,47,429,,
API,34,47,10,,
API,26,47,61,,
NHPC,22,53,100,,
DORDI,34,8,10,,
DORDI,34,36,10,,
MBL,58,34,460,,
NLIC,58,44,50,,
AKPL,22,56,73,,
LBBL,21,58,70,,
LBBL,21,58,500,,
LBBL,3,58,50,,
LBBL,58,58,200,,
LBBL,38,58,50,,
LBBL,36,58,20,,
LBBL,7,58,100,,
LBBL,53,58,25,,
LBBL,40,58,300,,
LBBL,19,58,200,,
LBBL,53,58,485,,
SHIVM,34,49,300,,
RHGCL,49,58,10,,
NHPC,22,57,250,,
RHGCL,49,57,10,,
RHGCL,49,42,10,,
RHGCL,49,21,10,,
RHGCL,49,45,10,,
ALICL,22,26,50,,
USHEC,45,4,10,,
MERO,34,45,10,,
GBBL,44,51,100,,
GBBL,47,51,50,,
NLIC,45,44,75,,
NLIC,21,44,200,,
NLIC,16,44,100,,
NLIC,41,44,10,,
NLIC,43,44,200,,
NLIC,11,44,500,,
NLIC,33,44,100,,
NLIC,49,44,100,,
NLIC,44,44,2000,,
NLIC,8,44,400,,
NLIC,48,44,200,,
RHGCL,49,32,10,,
SRBL,7,56,240,,
KSBBL,28,44,457,,
KSBBL,26,44,810,,
KSBBL,53,44,10,,
UPPER,16,37,100,,
RHGCL,49,35,10,,
CBBL,58,51,60,,
CBBL,35,51,30,,
CBBL,35,51,10,,
CBBL,35,51,47,,
MHL,46,33,330,,
SIFC,59,53,140,,
MBJC,34,35,10,,
RHGCL,49,43,60,,
RHGCL,49,38,10,,
SSHL,11,7,100,,
SSHL,38,7,50,,
SSHL,16,7,250,,
SSHL,1,7,100,,
SSHL,58,7,10,,
SSHL,26,7,38,,
GBLBS,58,52,15,,
RHGCL,49,6,10,,
NIFRA,58,19,100,,
LBBL,53,45,15,,
LBBL,32,45,200,,
RHGCL,49,21,10,,
JFL,39,8,125,,
KBL,56,32,318,,
NFS,7,45,500,,
NHPC,57,34,100,,
RHGCL,49,16,10,,
BHL,39,43,50,,
BHL,34,43,30,,
BHL,44,43,50,,
SHIVM,35,25,49,,
SHIVM,29,25,151,,
DORDI,34,58,10,,
NLBBL,54,42,85,,
NLBBL,39,42,30,,
MFIL,45,33,76,,
MFIL,44,33,64,,
ALICL,22,34,50,,
RHGCL,49,58,10,,
NESDO,28,35,10,,
NIFRA,58,34,135,,
NIFRA,55,34,415,,
RHGCL,49,42,10,,
RHGCL,49,45,10,,
BNHC,57,49,10,,
RHGCL,49,44,10,,
MHL,46,42,10,,
LEC,14,49,23,,
LEC,45,49,100,,
LEC,41,49,245,,
LEC,32,49,199,,
LEC,37,49,90,,
PROFL,57,38,288,,
PROFL,5,38,19,,
PROFL,6,38,50,,
MHL,46,4,10,,
RHGCL,42,45,10,,
SAPDBL,59,21,30,,
BFC,43,38,40,,
BFC,49,38,20,,
BFC,17,38,50,,
BFC,49,38,14,,
BFC,35,38,400,,
BFC,22,38,10,,
BFC,58,38,10,,
BFC,19,38,70,,
CFCL,39,14,10,,
SHPC,29,55,200,,
JSLBB,38,42,30,,
SGHC,34,32,10,,
RHGCL,49,34,10,,
AKPL,25,19,100,,
MPFL,22,20,1737,,
MPFL,32,20,50,,
MPFL,58,20,213,,
NFS,45,45,175,,
NFS,26,45,50,,
NUBL,44,57,24,,
HDHPC,44,33,100,,
NICA,55,8,10,,
SICL,57,58,50,,
RHGCL,49,6,10,,
SHPC,5,49,10,,
CBBL,38,51,100,,
CZBIL,40,45,20,,
RHGCL,49,16,10,,
SIFC,58,53,54,,
SIFC,53,53,150,,
SIFC,49,53,25,,
SIFC,48,53,60,,
SIFC,47,53,71,,
NLBBL,49,42,27,,
GBLBS,58,47,31,,
GBLBS,7,47,10,,
GBLBS,19,47,29,,
GBLBS,21,47,100,,
CIT,11,51,10,,
CIT,11,1,89,,
IGI,34,16,75,,
IGI,52,16,25,,
GRDBL,58,58,190,,
BHDC,20,58,10,,
JBLB,55,35,10,,
RHGCL,49,46,10,,
HURJA,5,4,200,,
RHGCL,49,21,10,,
NABIL,32,45,100,,
NABIL,6,45,20,,
NABIL,53,45,300,,
NABIL,4,45,15,,
NABIL,58,45,125,,
NABIL,8,45,70,,
BFC,22,38,100,,
BFC,22,38,100,,
BFC,34,38,50,,
BFC,51,38,25,,
BFC,48,38,500,,
BFC,49,38,50,,
BFC,41,38,10,,
BFC,5,38,56,,
RFPL,6,32,10,,
GVL,25,49,10,,
SPC,45,47,90,,
SPC,41,47,20,,
SPC,39,47,30,,
SPC,58,47,20,,
NUBL,32,58,184,,
NFS,44,45,200,,
NFS,7,45,100,,
NFS,41,45,100,,
NFS,21,45,100,,
HDHPC,52,54,45,,
SHPC,29,45,62,,
SHPC,34,45,38,,
NICL,32,8,20,,
NICL,26,8,20,,
NICL,57,8,80,,
NICL,47,8,20,,
JSLBB,6,45,39,,
NIL,33,40,50,,
AKPL,8,19,10,,
USHEC,36,21,100,,
LICN,33,58,10,,
LICN,41,58,50,,
LICN,5,58,10,,
LICN,5,58,10,,
ENL,25,34,40,,
USHEC,1,21,30,,
NESDO,14,34,10,,
NESDO,14,35,20,,
GVL,25,28,80,,
GVL,48,28,50,,
GVL,48,28,50,,
GVL,57,28,30,,
GVL,53,28,40,,
USHEC,1,58,100,,
FOWAD,11,56,12,,
JBBL,35,29,100,,
BHL,34,52,10,,
JBBL,34,29,51,,
RHGCL,49,34,10,,
GRDBL,58,6,10,,
RHGCL,51,41,10,,
RHGCL,51,49,10,,
RHGCL,51,45,10,,
RHGCL,51,45,10,,
RHGCL,49,46,10,,
RHGCL,49,34,10,,
MKJC,57,35,10,,
MLBL,49,55,50,,
MLBL,42,55,150,,
RHGCL,49,21,10,,
LBBL,36,58,324,,
LBBL,42,58,50,,
RHGCL,49,49,10,,
UMRH,45,26,84,,
UMRH,28,26,200,,
UMRH,59,26,50,,
UMRH,49,26,20,,
UMRH,11,26,50,,
UMRH,58,26,10,,
UMRH,58,26,10,,
UMRH,42,26,21,,
NHPC,34,3,500,,
NCCB,56,57,100,,
UPCL,11,16,100,,
UPPER,16,3,200,,
ILBS,56,34,10,,
USHEC,1,8,10,,
STC,45,14,20,,
STC,39,14,10,,
STC,49,14,10,,
STC,49,14,10,,
STC,21,14,10,,
STC,42,14,10,,
STC,40,14,20,,
SANIMA,17,49,78,,
GVL,53,58,10,,
RHGCL,49,16,10,,
KKHC,42,51,10,,
KKHC,6,51,210,,
KKHC,58,51,100,,
KKHC,58,51,150,,
KKHC,58,51,50,,
KKHC,58,51,10,,
JBLB,42,1,10,,
UPPER,16,39,24,,
UPPER,59,39,100,,
UPPER,5,39,20,,
UPPER,58,39,56,,
PCBL,56,20,10,,
EBL,25,56,40,,
RHGCL,49,16,10,,
CHDC,34,55,11,,
CHDC,49,55,20,,
CHDC,42,55,24,,
RHGCL,49,38,10,,
ENL,25,33,50,,
PROFL,47,34,15,,
JOSHI,8,57,10,,
RHGCL,49,34,10,,
UPPER,58,16,444,,
UPPER,19,16,10,,
UPPER,25,16,25,,
UPPER,8,16,203,,
UPPER,45,16,30,,
UPPER,49,16,10,,
UPPER,57,16,100,,
RMDC,26,5,97,,
UPPER,41,16,178,,
NHPC,55,45,1694,,
NHPC,55,45,586,,
FOWAD,57,57,10,,
HHL,28,58,10,,
SAHAS,17,29,100,,
RHGCL,49,16,10,,
NIFRA,55,33,50,,
BFC,5,19,144,,
BFC,57,19,56,,
SGHC,34,6,10,,
GVL,50,3,200,,
GVL,38,3,25,,
GVL,58,3,10,,
GVL,32,3,20,,
SHIVM,17,14,200,,
NIL,19,11,232,,
NIL,55,11,68,,
SAHAS,17,35,10,,
RHGCL,49,36,10,,
CIT,22,18,10,,
PCBL,22,44,31,,
PCBL,19,44,100,,
PCBL,54,44,100,,
PCBL,56,44,50,,
PCBL,42,44,20,,
PCBL,54,44,100,,
PCBL,10,44,50,,
PCBL,50,44,200,,
PCBL,49,44,50,,
PCBL,14,44,100,,
PCBL,58,44,20,,
PCBL,19,44,100,,
PCBL,34,44,150,,
PCBL,50,44,52,,
PCBL,10,44,200,,
PCBL,41,44,100,,
PCBL,32,44,120,,
PCBL,53,44,300,,
PCBL,28,44,20,,
PCBL,10,44,50,,
PCBL,56,44,52,,
PCBL,58,44,30,,
PCBL,58,44,12,,
PCBL,49,44,100,,
PCBL,8,44,200,,
PCBL,42,44,12,,
PCBL,57,44,50,,
PCBL,13,44,75,,
PCBL,41,44,100,,
PCBL,49,44,150,,
PCBL,51,44,115,,
PCBL,41,44,500,,
PCBL,21,44,20,,
PCBL,54,44,100,,
PCBL,58,44,200,,
PCBL,49,44,200,,
PCBL,53,44,20,,
PCBL,43,44,250,,
PCBL,36,44,10,,
PCBL,58,44,11,,
PCBL,11,44,100,,
PCBL,55,44,20,,
PCBL,45,44,100,,
PCBL,25,44,1000,,
PCBL,32,44,50,,
PCBL,28,44,500,,
PCBL,21,44,150,,
PCBL,58,44,300,,
PCBL,1,44,500,,
PCBL,25,44,30,,
PCBL,38,44,10,,
PCBL,49,44,100,,
PCBL,42,44,100,,
PCBL,56,44,10,,
PCBL,52,44,90,,
PCBL,40,44,20,,
PCBL,1,44,300,,
PCBL,8,44,500,,
RHPL,8,58,10,,
SHIVM,17,58,190,,
SHIVM,1,58,10,,
NRIC,56,43,77,,
NRIC,17,43,100,,
NRIC,34,43,10,,
NRIC,41,43,25,,
NRIC,50,43,38,,
NUBL,34,58,20,,
SHIVM,1,5,10,,
RHGCL,49,16,10,,
AKPL,22,40,200,,
CORBL,49,58,30,,
FOWAD,57,1,15,,
UPCL,58,36,20,,
NHPC,51,25,480,,
MHL,21,21,14,,
MHL,48,21,100,,
MHL,40,21,86,,
MHL,48,21,50,,
GBBL,21,16,91,,
GBBL,22,16,50,,
GBBL,6,16,100,,
GBBL,49,16,100,,
GBBL,59,16,100,,
GBBL,21,16,10,,
GBBL,42,16,20,,
GBBL,4,16,80,,
GBBL,4,16,47,,
GBBL,51,16,50,,
GBBL,17,16,25,,
GBBL,38,16,134,,
GBBL,34,16,84,,
GBBL,41,16,50,,
GBBL,45,16,20,,
GBBL,13,16,1000,,
GBBL,4,16,200,,
GBBL,48,16,200,,
GBBL,18,16,500,,
GBBL,38,16,30,,
GBBL,54,16,200,,
GBBL,49,16,50,,
GBBL,45,16,100,,
GBBL,44,16,100,,
GBBL,44,16,59,,
DHPL,42,57,300,,
DHPL,29,57,200,,
RADHI,4,53,25,,
RADHI,41,53,70,,
RADHI,21,53,10,,
RADHI,22,53,30,,
RADHI,8,53,15,,
NIFRA,58,42,17,,
RHGCL,49,16,10,,
UPPER,41,45,22,,
UPPER,49,45,10,,
UPPER,45,45,25,,
UPPER,22,45,60,,
UPPER,34,45,50,,
UPPER,58,45,40,,
UPPER,14,45,50,,
RHGCL,21,8,10,,
UPPER,44,45,50,,
UPPER,57,45,100,,
UPPER,57,45,25,,
UPPER,57,45,300,,
UPPER,58,45,23,,
UPPER,13,45,10,,
UPPER,57,45,10,,
UPPER,6,45,225,,
LBBL,26,33,200,,
RHGCL,21,21,10,,
LBBL,35,33,200,,
LBBL,42,33,50,,
LBBL,26,33,10,,
LBBL,51,33,100,,
LBBL,42,33,340,,
RHGCL,21,56,10,,
USHEC,1,35,10,,
MLBL,57,35,150,,
RHGCL,21,49,10,,
CIT,8,32,14,,
CIT,32,32,10,,
CIT,51,32,10,,
CIT,34,32,10,,
CIT,19,32,20,,
CIT,40,32,20,,
CIT,38,32,10,,
CIT,19,32,15,,
CIT,57,32,20,,
CIT,14,32,11,,
CIT,34,32,25,,
CIT,43,32,10,,
CIT,41,32,25,,
NICA,38,8,10,,
RFPL,57,13,200,,
RFPL,6,13,200,,
RFPL,49,13,1990,,
GRDBL,22,6,190,,
GRDBL,22,8,10,,
KKHC,58,51,20,,
GHL,8,26,10,,
RULB,51,35,10,,
RHGCL,21,16,10,,
CHDC,58,55,100,,
CHDC,26,55,90,,
CHDC,48,55,35,,
CHDC,58,55,20,,
CHDC,28,55,50,,
NLG,11,42,10,,
NLG,29,42,15,,
BBC,1,43,20,,
SSHL,26,32,12,,
LBBL,17,45,185,,
SPC,58,53,10,,
DDBL,34,41,35,,
NESDO,28,35,10,,
NHPC,57,25,20,,
SAHAS,17,49,100,,
NYADI,4,26,30,,
NABIL,8,53,30,,
NABIL,50,53,20,,
NABIL,32,53,50,,
RHGCL,21,16,10,,
KPCL,53,22,200,,
RIDI,50,46,325,,
RIDI,57,46,75,,
PRVU,49,42,92,,
PRVU,54,42,100,,
PRVU,33,42,15,,
PRVU,28,42,200,,
PRVU,49,42,50,,
PRVU,57,42,25,,
PRVU,42,42,100,,
STC,54,55,200,,
MBJC,34,45,10,,
NTC,5,28,33,,
NTC,49,28,10,,
USHEC,36,8,10,,
GBBL,44,16,1241,,
GBBL,51,16,100,,
GBBL,49,16,25,,
GBBL,55,16,20,,
GBBL,49,16,1814,,
ADBL,56,1,199,,
ADBL,45,1,11,,
ADBL,6,1,40,,
KSBBL,26,45,150,,
MNBBL,34,25,11,,
MFIL,44,33,36,,
MFIL,58,33,64,,
PCBL,48,20,100,,
RHGCL,21,21,10,,
NRIC,50,14,12,,
NRIC,58,14,14,,
JSLBB,48,45,10,,
RULB,51,35,10,,
UPPER,58,39,100,,
RHGCL,21,45,10,,
SWBBL,29,22,53,,
NHPC,55,32,1414,,
NHPC,21,32,50,,
RHGCL,49,16,10,,
UHEWA,33,57,10,,
UHEWA,33,58,10,,
API,26,42,20,,
API,26,37,25,,
BHL,34,36,10,,
MBL,58,8,1390,,
MBL,28,8,500,,
MBL,57,8,300,,
MBL,44,8,100,,
MBL,32,8,1000,,
MBL,13,8,50,,
NLICL,45,42,22,,
MBL,5,8,60,,
NLICL,3,42,25,,
MBL,46,8,20,,
NLICL,14,42,50,,
MBL,8,8,80,,
NLICL,10,42,200,,
NLICL,34,42,50,,
NLICL,6,42,279,,
LBBL,37,45,100,,
UHEWA,33,8,10,,
RFPL,34,13,150,,
RHGCL,58,57,10,,
RHGCL,58,58,10,,
SPC,58,38,10,,
MHL,22,33,100,,
RIDI,57,58,25,,
RIDI,29,58,50,,
RIDI,33,58,200,,
RIDI,48,58,100,,
RIDI,8,58,10,,
RIDI,34,58,65,,
RIDI,41,58,15,,
GBILD86/87,47,53,25,,
API,25,37,100,,
SINDU,32,58,35,,
NESDO,49,28,50,,
NESDO,42,28,10,,
NESDO,57,28,100,,
STC,54,55,194,,
BHDC,20,36,10,,
UPCL,11,35,181,,
UPCL,26,35,200,,
UPCL,42,35,149,,
UPCL,34,35,200,,
UPCL,13,35,100,,
UPCL,37,35,80,,
UPCL,49,35,100,,
RHGCL,35,16,10,,
NABIL,19,3,8,,
AKPL,44,19,42,,
DHPL,49,51,500,,
USHEC,43,39,10,,
DHPL,42,51,150,,
DHPL,1,51,250,,
DHPL,6,51,10,,
DHPL,22,51,500,,
DHPL,47,51,363,,
DHPL,52,51,50,,
DHPL,58,51,50,,
RULB,51,21,10,,
CZBIL,42,22,1010,,
UHEWA,33,35,10,,
SBI,11,45,89,,
SBI,32,45,10,,
SBI,32,45,10,,
SBI,32,45,10,,
SBI,56,45,15,,
SBI,36,45,10,,
HURJA,50,58,10,,
DDBL,34,57,40,,
DDBL,54,57,10,,
DDBL,38,57,80,,
DDBL,41,57,70,,
UMRH,19,26,55,,
NICA,55,40,20,,
NICA,33,40,50,,
SAPDBL,32,58,109,,
SINDU,43,57,200,,
RHGCL,8,47,10,,
GLBSL,34,38,10,,
NHPC,48,45,500,,
JALPA,57,35,10,,
LBL,1,4,479,,
LBL,33,4,10,,
LBL,58,4,11,,
BHDC,20,8,10,,
SICL,47,42,65,,
SICL,57,42,26,,
UHEWA,33,3,10,,
CIT,41,22,25,,
CIT,17,22,10,,
CIT,54,22,10,,
NRIC,58,58,20,,
NBL,7,1,200,,
HHL,28,21,10,,
LBBL,34,42,50,,
USHEC,56,58,500,,
UNHPL,50,4,20,,
UNHPL,58,4,180,,
SICL,57,58,50,,
HHL,28,58,10,,
BFC,32,58,162,,
JALPA,58,57,194,,
RHGCL,49,21,10,,
NHPC,5,45,20,,
AKPL,22,21,80,,
AKPL,53,21,320,,
AKPL,38,21,200,,
NRIC,58,56,10,,
JSLBB,34,42,20,,
RHGCL,49,16,10,,
EDBL,58,18,10,,
GVL,32,36,10,,
SHIVM,17,21,30,,
BHDC,20,8,10,,
SADBL,1,29,35,,
SRBL,7,58,66,,
SBL,47,39,370,,
SBL,47,39,500,,
SBL,42,39,15,,
SBL,47,39,115,,
RHGCL,49,38,10,,
HDHPC,44,33,68,,
HDHPC,49,33,32,,
NABIL,22,4,26,,
HDHPC,51,53,109,,
NRIC,58,19,50,,
ULBSL,51,32,10,,
SIFC,47,22,30,,
RHGCL,49,11,10,,
NUBL,29,58,10,,
NUBL,38,58,14,,
NRIC,58,56,10,,
JALPA,41,38,10,,
JALPA,41,17,10,,
JALPA,41,54,10,,
SBL,47,39,285,,
LICN,57,58,41,,
JBBL,1,49,15,,
NIFRA,49,42,15,,
RHGCL,49,21,10,,
MBJC,58,29,16,,
RHGCL,49,16,10,,
KKHC,42,51,220,,
KKHC,42,51,100,,
KKHC,5,51,10,,
BHL,35,38,50,,
BHL,55,38,400,,
BHL,45,38,20,,
EDBL,13,18,100,,
EDBL,33,18,490,,
NABIL,46,4,13,,
RHGCL,8,22,10,,
NMB,59,10,300,,
USHEC,43,56,10,,
MHL,21,14,80,,
MHL,21,22,10,,
MHL,21,17,10,,
NHPC,18,32,115,,
NHPC,4,32,100,,
NHPC,13,32,100,,
SIFC,26,22,250,,
BHL,45,8,10,,
RHGCL,49,6,10,,
MBJC,42,43,10,,
RHGCL,49,7,10,,
LBBL,35,42,20,,
ULBSL,51,47,10,,
LBBL,29,25,45,,
NIFRA,55,14,14,,
MHL,59,47,100,,
MKJC,57,8,10,,
RHGCL,49,21,10,,
CIT,54,14,30,,
RHGCL,49,58,10,,
RHGCL,49,21,10,,
NIFRA,55,42,14,,
MNBBL,45,10,35,,
NIFRA,55,56,54,,
ICFC,42,38,205,,
ICFC,52,38,100,,
ICFC,58,38,50,,
ICFC,41,38,30,,
ICFC,40,38,100,,
HIDCL,45,45,30,,
HIDCL,52,45,100,,
HIDCL,11,45,715,,
SHIVM,29,39,49,,
SHIVM,51,39,35,,
SHIVM,50,39,16,,
NMB50,38,45,1000,,
NMB50,56,45,1000,,
SABSL,42,7,13,,
ULBSL,51,47,10,,
ULBSL,51,38,10,,
NABIL,49,4,200,,
NABIL,57,4,500,,
NABIL,38,4,100,,
NABIL,29,4,250,,
NABIL,54,4,100,,
NABIL,14,4,50,,
NABIL,46,4,30,,
NABIL,47,4,50,,
NABIL,21,4,15,,
NABIL,21,4,100,,
NABIL,7,4,50,,
NABIL,42,4,10,,
NABIL,42,4,30,,
NABIL,57,4,73,,
NABIL,48,4,10,,
NABIL,58,4,25,,
NABIL,32,4,10,,
NABIL,49,4,22,,
NABIL,51,4,10,,
NABIL,1,4,20,,
SPDL,16,57,50,,
PCBL,1,26,110,,
PCBL,1,34,90,,
SSHL,49,32,50,,
EDBL,33,58,10,,
RFPL,57,13,10,,
DDBL,13,11,10,,
MBJC,42,14,10,,
SWBBL,3,22,33,,
RHGCL,49,6,10,,
NRIC,58,56,156,,
NRIC,34,56,44,,
SINDU,46,57,210,,
SINDU,34,57,50,,
SINDU,3,57,28,,
USHEC,50,54,10,,
RHGCL,49,26,10,,
RHGCL,49,16,10,,
RHGCL,49,21,10,,
STC,58,14,10,,
HBL,25,42,50,,
HDL,43,11,20,,
NTC,5,14,77,,
MHL,4,8,10,,
NRIC,34,39,56,,
NRIC,32,39,134,,
NRIC,6,39,50,,
NRIC,14,39,10,,
NRIC,43,39,50,,
NRIC,28,39,50,,
RHGCL,19,38,10,,
NBF3,38,11,100,,
ADBL,51,45,31,,
RHGCL,19,58,10,,
RHGCL,19,58,10,,
RHGCL,19,14,10,,
RHGCL,19,48,10,,
RHGCL,19,25,10,,
RHGCL,19,14,10,,
RHGCL,19,14,10,,
TRH,52,34,100,,
RHGCL,19,49,10,,
TRH,55,34,500,,
RHGCL,19,6,10,,
TRH,44,34,50,,
TRH,26,34,10,,
TRH,21,34,10,,
TRH,34,34,25,,
SBL,47,58,100,,
BHL,55,38,100,,
BHL,50,38,60,,
HIDCL,49,45,15,,
HIDCL,45,45,10,,
NMB50,10,45,608,,
DORDI,58,36,10,,
UPPER,6,19,70,,
RHGCL,49,6,10,,
RHGCL,34,58,10,,
BHL,50,58,10,,
RHGCL,34,56,10,,
ULBSL,51,14,60,,
NMB,59,42,10,,
NMB,19,42,50,,
NMB,47,42,150,,
NMB,58,42,150,,
NMB,45,42,110,,
NMB,33,42,92,,
SGHC,32,8,10,,
UMHL,52,58,100,,
BHDC,42,38,10,,
MBJC,19,29,10,,
RHGCL,34,32,10,,
RULB,17,22,10,,
RHGCL,49,21,10,,
NESDO,28,35,10,,
RHGCL,49,58,10,,
NABIL,58,40,12,,
UHEWA,33,44,10,,
NBL,53,8,67,,
NLIC,51,39,196,,
NHPC,6,32,206,,
NHPC,58,32,85,,
NHPC,38,32,1000,,
NHPC,1,32,20,,
NHPC,44,32,100,,
NHPC,7,32,100,,
NHPC,6,32,339,,
NHPC,16,32,100,,
NHPC,58,32,50,,
RHGCL,49,45,10,,
RHGCL,49,16,10,,
NABIL,36,14,14,,
NABIL,52,14,15,,
DORDI,58,58,10,,
NABBC,58,25,100,,
NICSF,14,53,300,,
GBBL,49,38,186,,
GBBL,45,38,50,,
GBBL,22,38,50,,
GBBL,38,38,10,,
GBBL,49,38,10,,
GBBL,49,38,194,,
UPPER,17,19,10,,
GLBSL,3,38,10,,
RHGCL,49,6,10,,
MFIL,36,48,50,,
MFIL,35,48,50,,
ULBSL,51,13,10,,
KRBL,22,13,31,,
KRBL,55,13,44,,
RHGCL,49,21,10,,
NABIL,52,14,60,,
NABIL,58,14,40,,
GBBL,49,38,656,,
API,34,7,190,,
GBBL,50,38,174,,
API,33,7,500,,
GBBL,34,38,150,,
API,58,7,200,,
GBBL,29,38,20,,
API,45,7,10,,
USHEC,43,49,10,,
RHGCL,49,38,10,,
BHDC,42,59,10,,
HHL,28,8,10,,
BHL,50,36,10,,
USHEC,6,42,10,,
SANIMA,17,17,25,,
SANIMA,17,56,117,,
SANIMA,17,5,80,,
NMB50,34,45,500,,
RHGCL,49,38,10,,
RHGCL,57,57,10,,
USHEC,6,48,10,,
HIDCL,32,55,80,,
MNBBL,3,41,10,,
MNBBL,46,41,90,,
RHGCL,49,22,10,,
GHL,25,58,13,,
UNHPL,58,7,70,,
CFCL,11,22,10,,
RHGCL,49,56,10,,
RHGCL,49,16,10,,
MBJC,19,34,10,,
BHDC,42,36,10,,
AKPL,53,58,180,,
AKPL,34,58,20,,
API,57,7,100,,
NHDL,50,41,10,,
RHGCL,49,38,10,,
RHGCL,49,6,10,,
RHGCL,49,38,10,,
USHEC,58,59,10,,
SFCL,8,10,200,,
SGHC,58,58,10,,
SGHC,57,58,20,,
SGHC,40,58,500,,
SGHC,41,58,50,,
SGHC,52,58,50,,
SGHC,19,58,90,,
SGHC,45,58,10,,
SGHC,17,58,10,,
RHGCL,49,17,10,,
NLICL,6,39,221,,
NLICL,51,39,100,,
NESDO,28,22,10,,
MHL,57,21,10,,
HHL,28,8,10,,
UHEWA,33,55,10,,
RHGCL,7,21,10,,
SSHL,21,32,98,,
KLBSL,41,19,30,,
JBLB,5,33,10,,
JBLB,8,33,20,,
RHGCL,34,16,10,,
UMHL,32,35,73,,
EBL,25,56,100,,
NCCB,59,22,12,,
API,55,41,494,,
JBLB,8,41,30,,
RHGCL,43,16,10,,
USHEC,33,58,10,,
NBL,53,42,153,,
MBJC,19,56,10,,
NLIC,6,44,150,,
NLIC,42,44,30,,
NLIC,18,44,20,,
NLIC,45,44,10,,
NLIC,18,44,100,,
NLIC,45,44,80,,
NLIC,57,44,50,,
NLIC,6,44,10,,
NLIC,32,44,50,,
NLIC,55,44,100,,
NLIC,38,44,10,,
NLIC,36,44,30,,
NLIC,22,44,10,,
NLIC,36,44,25,,
NLIC,25,44,100,,
NLIC,26,44,100,,
NLIC,38,44,10,,
NLIC,38,44,100,,
NLIC,49,44,50,,
NLIC,45,44,200,,
NLIC,22,44,10,,
NLIC,50,44,200,,
NLIC,26,44,50,,
NLIC,38,44,100,,
NLIC,13,44,20,,
NLIC,42,44,20,,
NLIC,35,44,10,,
NLIC,34,44,25,,
NLIC,55,44,50,,
NLIC,38,44,200,,
NLIC,46,44,100,,
NLIC,34,44,20,,
NLIC,8,44,20,,
NLIC,25,44,20,,
NLIC,25,44,20,,
NLIC,49,44,115,,
NLIC,35,44,50,,
NLIC,57,44,80,,
NLIC,35,44,100,,
NLIC,47,44,200,,
NLIC,49,44,100,,
NLIC,6,44,24,,
NLIC,42,44,10,,
NLIC,16,44,10,,
NLIC,50,44,200,,
NLIC,47,44,100,,
NLIC,42,44,50,,
NLIC,17,44,10,,
NLIC,34,44,10,,
NLIC,38,44,40,,
NLIC,54,44,20,,
NLIC,17,44,50,,
NLIC,50,44,100,,
NLIC,40,44,10,,
NLIC,57,44,35,,
NLIC,58,44,10,,
NLIC,38,44,50,,
NLIC,40,44,60,,
MBJC,19,49,10,,
NLIC,32,44,500,,
NLIC,32,44,100,,
NLIC,38,44,100,,
NLIC,47,44,20,,
NLIC,41,44,10,,
NLIC,25,44,20,,
NLIC,29,44,250,,
NLIC,57,44,10,,
NLIC,38,44,100,,
NLIC,38,44,100,,
NLIC,58,44,58,,
NLIC,6,44,500,,
NLIC,46,44,10,,
NLIC,45,44,30,,
NLIC,25,44,200,,
NLIC,16,44,100,,
NLIC,58,44,20,,
NLIC,35,44,10,,
NLIC,57,44,20,,
NLIC,26,44,20,,
NLIC,45,44,36,,
NLIC,34,44,250,,
NLIC,16,44,20,,
NLIC,26,44,348,,
NLIC,33,44,10,,
NLIC,51,44,10,,
NLIC,42,44,600,,
NLIC,25,44,15,,
NLIC,37,44,100,,
NLIC,38,44,13,,
NLIC,47,44,500,,
NLIC,8,44,145,,
SMATA,47,41,20,,
SMATA,20,41,10,,
NLIC,48,44,50,,
NLIC,44,44,100,,
NLIC,57,44,100,,
NLIC,56,44,35,,
NLIC,46,44,10,,
NLIC,8,44,100,,
NLIC,1,44,100,,
NLIC,19,44,10,,
NLIC,47,44,50,,
NLIC,52,44,50,,
NLIC,49,44,10,,
NLIC,20,44,10,,
NLIC,57,44,1000,,
RHGCL,14,17,10,,
PRVU,54,45,100,,
NRIC,33,56,280,,
GUFL,34,44,20,,
RHGCL,14,16,10,,
AHPC,33,3,200,,
RHGCL,14,42,10,,
RHGCL,14,6,10,,
MLBBL,44,39,98,,
MLBBL,29,39,150,,
MLBBL,10,39,50,,
MLBBL,49,39,50,,
MLBBL,49,39,15,,
AHPC,50,21,181,,
AHPC,41,21,47,,
AHPC,44,21,15,,
AHPC,41,21,57,,
RHGCL,14,7,10,,
RHGCL,14,21,10,,
SHIVM,5,17,16,,
UPPER,33,19,20,,
SABSL,58,58,10,,
SABSL,55,58,36,,
RHGCL,14,14,10,,
SGHC,49,58,130,,
SGHC,52,58,80,,
RHGCL,14,54,10,,
NLBBL,43,42,15,,
NLBBL,36,42,32,,
SAHAS,17,34,10,,
NBL,53,58,100,,
EBL,25,56,160,,
RIDI,34,58,20,,
RHGCL,14,57,10,,
API,37,41,50,,
API,53,41,200,,
API,45,41,59,,
API,10,41,265,,
API,51,41,375,,
API,19,41,200,,
API,38,41,260,,
RHGCL,14,36,10,,
DORDI,58,8,10,,
FOWAD,34,17,20,,
FOWAD,5,17,38,,
FOWAD,40,17,10,,
FOWAD,34,17,20,,
FOWAD,49,17,10,,
EDBL,49,34,483,,
EDBL,57,34,150,,
EDBL,57,34,150,,
EDBL,57,34,150,,
EDBL,58,34,18,,
EDBL,45,34,40,,
STC,54,52,10,,
AKPL,59,25,100,,
RHGCL,34,57,10,,
RHGCL,34,22,10,,
USHEC,33,4,10,,
SHPC,37,51,10,,
RHGCL,34,6,10,,
PFL,48,45,12,,
JBBL,34,51,449,,
NTC,58,22,100,,
NCCB,59,48,200,,
NRIC,33,5,212,,
NRIC,42,5,50,,
NRIC,13,5,54,,
NRIC,28,5,50,,
NRIC,46,5,20,,
NRIC,26,5,100,,
NRIC,45,5,14,,
NESDO,28,35,10,,
RHGCL,34,21,10,,
RIDI,58,35,5401,,
RIDI,45,35,500,,
RIDI,44,35,50,,
RIDI,17,35,50,,
RIDI,33,35,500,,
RIDI,20,35,50,,
RIDI,38,35,149,,
RIDI,4,35,800,,
NLIC,47,42,40,,
JBLB,57,33,20,,
JBLB,50,33,10,,
JBLB,25,33,40,,
JBLB,55,33,10,,
JBLB,53,33,10,,
JBLB,13,33,13,,
SDBD87,41,53,25,,
HDHPC,42,42,14,,
BHL,50,58,10,,
SWMF,10,7,28,,
SWMF,58,7,50,,
SWMF,38,7,50,,
SWMF,41,7,10,,
SWMF,21,7,10,,
SWMF,49,7,10,,
SWMF,21,7,50,,
SWMF,47,7,50,,
SWMF,58,7,42,,
UHEWA,33,8,10,,
PCBL,56,34,10,,
NBL,53,25,30,,
NBL,38,25,150,,
NBL,34,25,20,,
RHGCL,43,16,10,,
RIDI,4,35,200,,
HDL,35,45,10,,
NCCB,22,57,30,,
RHGCL,43,42,10,,
ALICL,42,7,5,,
UHEWA,33,56,10,,
BHL,50,8,10,,
NFS,1,58,250,,
SGHC,48,19,10,,
SAHAS,17,38,200,,
RHGCL,43,39,10,,
RHGCL,43,49,10,,
PCBL,39,44,10,,
PCBL,39,57,15,,
PCBL,39,44,200,,
ALBSL,46,52,38,,
UNHPL,14,7,500,,
UNHPL,51,7,100,,
UNHPL,1,7,10,,
UNHPL,47,7,50,,
UNHPL,50,7,50,,
UNHPL,40,7,200,,
UNHPL,49,7,10,,
UNHPL,40,7,10,,
BFC,56,58,100,,
HBL,22,42,20,,
HBL,22,29,10,,
UHEWA,33,55,10,,
RADHI,22,53,110,,
RHGCL,43,6,10,,
SHPC,43,37,10,,
NLIC,51,13,200,,
RHGCL,43,21,10,,
UHEWA,33,51,10,,
RHGCL,43,57,10,,
BHL,50,22,400,,
BHL,6,22,100,,
BHL,46,22,70,,
BHL,5,22,230,,
CZBIL,45,39,20,,
CZBIL,19,39,20,,
HEI,32,7,15,,
MLBL,58,38,13,,
PFL,38,45,100,,
SKBBL,47,42,10,,
NUBL,42,51,25,,
NUBL,49,51,100,,
NUBL,58,51,30,,
NUBL,42,51,100,,
NUBL,34,51,1000,,
NUBL,26,51,100,,
NUBL,49,51,100,,
NUBL,26,51,100,,
NUBL,55,51,10,,
NUBL,58,51,10,,
NUBL,37,51,50,,
NUBL,49,51,100,,
NUBL,21,51,10,,
NUBL,38,51,12,,
NUBL,14,51,10,,
NUBL,38,51,15,,
NUBL,53,51,25,,
NUBL,58,51,50,,
NUBL,52,51,20,,
NUBL,45,51,10,,
NUBL,47,51,25,,
UMRH,19,58,20,,
NUBL,38,51,86,,
NUBL,34,51,50,,
NUBL,43,51,12,,
NUBL,26,51,200,,
BHDC,42,29,20,,
BHDC,6,29,10,,
CZBIL,22,36,17,,
CZBIL,22,7,13,,
PRVU,19,45,200,,
PRVU,46,45,100,,
PRVU,29,45,20,,
PRVU,47,45,42,,
SAHAS,17,7,10,,
RHGCL,43,38,10,,
SAPDBL,32,54,50,,
SAPDBL,34,54,50,,
JBLB,58,58,10,,
RHGCL,43,49,10,,
NHPC,13,34,200,,
NHPC,34,34,21,,
RHGCL,43,6,10,,
MERO,34,57,19,,
RHGCL,6,39,10,,
RHGCL,6,21,10,,
BARUN,22,21,30,,
MLBL,57,1,50,,
RHGCL,38,49,10,,
NABIL,22,29,30,,
RHGCL,38,57,10,,
RFPL,34,8,10,,
CHCL,16,40,40,,
CIT,17,39,90,,
CIT,43,39,30,,
API,38,32,240,,
API,8,32,100,,
API,11,32,100,,
API,14,32,10,,
API,56,32,50,,
UHEWA,33,21,10,,
SGHC,52,57,10,,
SWBBL,26,1,92,,
SWBBL,25,1,39,,
UHEWA,33,36,10,,
RHGCL,42,42,10,,
RHGCL,38,6,10,,
RHGCL,38,21,10,,
PRVU,47,55,10,,
NMBMF,54,34,24,,
RIDI,38,7,151,,
RIDI,4,7,18,,
RIDI,25,7,121,,
RIDI,19,7,25,,
RIDI,6,7,170,,
RIDI,8,7,15,,
RIDI,17,58,100,,
MBJC,19,42,10,,
JOSHI,45,51,15,,
JOSHI,53,51,18,,
JOSHI,58,51,508,,
JOSHI,13,51,100,,
JOSHI,42,51,21,,
JOSHI,3,51,88,,
USHEC,33,42,10,,
UHEWA,33,44,10,,
NRIC,29,56,11,,
NYADI,4,14,10,,
HDL,42,45,10,,
HDL,59,45,10,,
HDL,57,45,10,,
JFL,38,41,11,,
JFL,49,41,50,,
RHGCL,38,49,10,,
NGPL,58,21,12,,
HBL,13,59,36,,
PFL,37,45,50,,
HHL,45,8,10,,
NMB,57,45,10,,
SGHC,52,21,10,,
SICL,45,58,43,,
RHGCL,50,34,10,,
RHGCL,42,14,10,,
RHGCL,42,6,10,,
GBBL,40,34,200,,
RHGCL,42,21,10,,
CHCL,16,17,30,,
UHEWA,33,36,10,,
MERO,39,49,50,,
MERO,25,49,11,,
BFC,41,1,50,,
MBL,8,58,100,,
USHEC,33,32,70,,
USHEC,58,32,10,,
USHEC,38,32,40,,
USHEC,7,32,50,,
USHEC,34,32,40,,
RHGCL,42,14,10,,
MHL,34,47,140,,
BHL,5,8,10,,
PRVU,47,55,98,,
KMCDB,33,39,10,,
KMCDB,6,39,20,,
NTC,39,19,50,,
BHL,5,58,10,,
NABIL,19,34,12,,
SWMF,58,7,158,,
SWMF,38,7,20,,
SWMF,56,7,10,,
SWMF,51,7,12,,
PCBL,6,44,60,,
RHGCL,42,14,10,,
RHGCL,42,21,10,,
NRIC,29,56,89,,
NRIC,7,56,50,,
NRIC,45,56,15,,
NRIC,11,56,26,,
NRIC,36,56,200,,
NRIC,52,56,10,,
NRIC,26,56,10,,
BARUN,6,21,10,,
JBBL,26,49,46,,
NHPC,34,33,19,,
RIDI,45,58,500,,
NESDO,57,35,90,,
CBBL,35,58,90,,
CBBL,17,58,10,,
HBL,13,26,35,,
SBL,47,34,406,,
SBL,39,34,10,,
SBL,25,34,100,,
SBL,34,34,10,,
SBL,47,34,229,,
UHEWA,33,38,10,,
RHGCL,42,22,10,,
NBL,58,1,20,,
NICA,49,42,2,,
NESDO,57,58,10,,
USHEC,34,5,10,,
API,17,7,44,,
API,14,7,100,,
API,33,7,20,,
API,51,7,100,,
API,52,7,300,,
API,38,7,296,,
API,43,7,200,,
API,58,7,300,,
API,52,7,500,,
API,6,7,50,,
API,41,7,90,,
SGHC,52,58,10,,
RHGCL,42,45,10,,
DDBL,19,11,10,,
AKPL,13,25,50,,
NABIL,13,29,20,,
MBJC,19,34,10,,
HHL,45,8,10,,
RIDI,26,58,300,,
UPPER,6,1,50,,
JBLB,58,57,13,,
NUBL,52,51,100,,
NUBL,25,51,100,,
NUBL,35,51,20,,
MPFL,58,33,20,,
CBBL,17,49,90,,
CBBL,58,49,16,,
CBBL,34,49,20,,
RHGCL,42,48,10,,
RHGCL,42,38,10,,
RHGCL,46,58,10,,
UHEWA,33,38,10,,
USHEC,41,21,50,,
USHEC,32,21,10,,
USHEC,7,21,10,,
FOWAD,49,45,10,,
NUBL,39,51,106,,
NUBL,10,51,100,,
RHGCL,46,21,10,,
NBL,7,1,880,,
NBL,49,1,20,,
UHEWA,33,54,10,,
NRIC,35,56,29,,
RHGCL,46,26,10,,
AKPL,19,25,100,,
MMF1,46,45,100,,
RFPL,34,35,10,,
GFCL,22,34,52,,
GFCL,34,34,100,,
GFCL,5,34,48,,
HDL,58,16,10,,
HDL,1,16,40,,
SGHC,52,36,10,,
MHL,34,14,10,,
NTC,11,58,100,,
RHGCL,46,48,10,,
RHGCL,46,8,10,,
MDB,29,51,147,,
MDB,48,51,30,,
MDB,45,51,200,,
MDB,45,51,110,,
MDB,51,51,13,,
NTC,40,58,25,,
HHL,55,4,10,,
SAHAS,17,16,70,,
SANIMA,42,5,20,,
RHGCL,46,49,10,,
SHPC,5,51,20,,
UPCL,49,59,100,,
NRIC,8,56,200,,
NRIC,20,56,60,,
SGHC,52,14,10,,
UPPER,6,57,50,,
USHEC,7,51,10,,
RHGCL,46,43,10,,
RIDI,26,35,700,,
RHGCL,46,48,10,,
RHGCL,46,34,10,,
RADHI,28,45,50,,
PFL,58,45,50,,
PFL,13,45,400,,
PFL,44,45,100,,
PFL,55,45,80,,
MHL,34,14,10,,
BHL,5,36,10,,
USHEC,58,38,10,,
RHGCL,46,58,10,,
KSBBL,53,34,10,,
NABIL,11,29,10,,
ADBL,51,58,100,,
UPCL,37,45,20,,
UPCL,59,45,20,,
UPCL,19,45,500,,
UPCL,58,45,30,,
UPCL,40,45,50,,
UPCL,50,45,80,,
API,34,25,50,,
MHL,34,47,20,,
MHL,21,47,80,,
MHL,21,8,10,,
SGHC,52,49,10,,
RHGCL,46,48,10,,
NICA,25,58,30,,
RHGCL,46,29,10,,
RIDI,6,58,830,,
RIDI,19,58,170,,
RSDC,26,42,27,,
RSDC,47,42,10,,
RSDC,5,42,30,,
RSDC,49,42,13,,
RSDC,47,42,10,,
USHEC,7,58,10,,
KRBL,55,45,680,,
BHDC,6,8,10,,
BHL,5,16,220,,
BHL,39,16,50,,
BHL,6,16,200,,
BHL,43,16,30,,
MPFL,58,51,67,,
RIDI,59,35,100,,
MNBBL,35,51,179,,
MNBBL,46,51,200,,
MBJC,38,54,10,,
API,26,41,47,,
GBBL,43,34,10,,
SHIVM,51,56,15,,
SHIVM,44,56,10,,
SHIVM,35,56,1000,,
SHIVM,17,56,515,,
KDBY,35,45,100,,
NLIC,22,13,200,,
NLIC,19,13,10,,
GHL,5,29,135,,
PFL,58,45,200,,
MHL,21,57,10,,
MHL,58,58,100,,
UNHPL,40,33,190,,
UNHPL,53,33,10,,
SHIVM,17,17,34,,
NTC,49,58,70,,
RHGCL,57,42,10,,
HDL,35,57,10,,
API,51,41,50,,
NUBL,38,58,10,,
NUBL,16,58,20,,
NUBL,58,58,100,,
RHGCL,34,11,10,,
SDLBSL,42,58,20,,
BHL,43,58,10,,
SDLBSL,19,58,10,,
GBLBS,49,43,10,,
MHNL,43,57,72,,
PCBL,42,44,20,,
DORDI,58,8,10,,
LICN,20,58,10,,
UHEWA,33,21,10,,
RHGCL,4,56,10,,
HIDCL,32,57,15,,
UHEWA,33,16,200,,
NFS,1,51,750,,
UHEWA,33,36,10,,
HEI,55,57,45,,
NBL,54,34,1000,,
RADHI,28,57,70,,
NTC,11,58,100,,
CBBL,58,28,15,,
NRIC,57,29,20,,
PCBL,14,44,100,,
PFL,11,45,100,,
RHGCL,4,21,10,,
HHL,55,21,10,,
FMDBL,10,14,200,,
CIT,29,1,11,,
BARUN,28,22,55,,
MHL,59,21,100,,
NABIL,8,29,22,,
RFPL,34,36,10,,
NLIC,44,32,500,,
RHGCL,34,4,10,,
MHNL,1,58,15,,
RFPL,34,8,10,,
RHGCL,45,3,10,,
MLBL,58,55,17,,
DDBL,22,19,10,,
SBI,1,58,20,,
SBI,5,58,151,,
RHGCL,45,49,10,,
ENL,52,22,10,,
RMDC,47,34,19,,
BHDC,6,8,10,,
CHCL,16,1,50,,
USHEC,7,54,10,,
MBJC,28,21,10,,
API,34,25,50,,
ALICL,42,33,30,,
ALICL,57,33,20,,
GFCL,5,34,187,,
DDBL,19,16,30,,
NTC,5,58,50,,
GVL,32,36,10,,
DORDI,58,21,10,,
RIDI,7,56,33,,
MLBL,26,55,10,,
RHGCL,34,5,10,,
SAPDBL,32,28,20,,
MNBBL,58,51,50,,
USHEC,7,58,60,,
USHEC,17,58,50,,
USHEC,42,58,100,,
USHEC,51,58,290,,
SGHC,52,8,10,,
MHL,48,47,40,,
NHPC,34,3,10,,
NHPC,7,3,490,,
BHDC,6,59,10,,
SHIVM,17,50,150,,
NICA,43,58,20,,
RHGCL,34,57,10,,
SHPC,8,51,45,,
DORDI,58,36,10,,
AHPC,41,58,43,,
AKPL,48,21,400,,
HDL,36,45,10,,
PCBL,48,20,100,,
CHCL,16,21,20,,
BHL,43,35,10,,
NICA,57,58,100,,
NICA,42,58,10,,
NICA,42,58,20,,
NICA,53,58,500,,
NICA,51,58,10,,
NICA,58,58,15,,
NICA,19,58,150,,
NICA,34,58,100,,
NMFBS,52,38,50,,
RHGCL,34,38,10,,
RHGCL,34,16,10,,
HDL,1,35,50,,
USHEC,51,58,210,,
USHEC,44,58,30,,
USHEC,14,58,100,,
USHEC,10,58,160,,
ULBSL,51,49,10,,
RHGCL,34,21,10,,
NABIL,36,16,13,,
NABIL,28,16,25,,
NABIL,22,16,50,,
NABIL,22,16,100,,
NABIL,19,16,70,,
USHEC,10,35,10,,
KSBBL,26,55,40,,
KSBBL,53,55,10,,
NTC,50,58,354,,
NTC,50,58,646,,
NTC,26,58,100,,
RHGCL,34,19,10,,
RHGCL,34,55,10,,
NFS,42,58,100,,
NBF3,1,35,500,,
NTC,33,58,20,,
JBBL,32,21,12,,
JBBL,32,28,12,,
MHL,48,49,10,,
NTC,6,58,100,,
JBLB,58,56,17,,
NIFRA,55,33,100,,
NTC,4,58,500,,
UHEWA,33,35,10,,
RHGCL,34,39,10,,
NUBL,28,51,10,,
NUBL,58,51,50,,
NUBL,57,51,50,,
NUBL,43,51,35,,
NUBL,48,51,10,,
NABIL,19,11,10,,
NTC,11,58,100,,
NIFRA,58,49,22,,
RHGCL,34,26,10,,
ADBL,45,49,89,,
ADBL,48,49,11,,
MHL,48,41,10,,
AHPC,58,58,10,,
NTC,32,58,260,,
USHEC,10,47,10,,
NUBL,40,51,20,,
NUBL,19,51,100,,
PRVU,22,22,10,,
RFPL,34,36,10,,
NTC,19,58,100,,
NICA,47,48,120,,
RIDI,7,17,30,,
RIDI,7,58,100,,
RMDC,47,49,81,,
RMDC,47,49,50,,
RMDC,51,49,50,,
RMDC,4,49,20,,
RMDC,41,49,10,,
RMDC,51,49,20,,
RMDC,35,49,10,,
RMDC,53,49,25,,
RMDC,34,49,20,,
RMDC,16,49,20,,
SGHC,45,58,10,,
MHL,48,21,10,,
KMCDB,6,42,30,,
NTC,59,58,100,,
UHEWA,34,46,10,,
UHEWA,34,44,10,,
SHL,43,25,100,,
UPPER,37,51,52,,
MMF1,5,40,1000,,
MMF1,5,35,500,,
RIDI,17,58,447,,
RIDI,51,58,10,,
RIDI,1,58,51,,
RIDI,34,58,10,,
RIDI,29,58,482,,
LBBL,34,42,213,,
SCB,22,22,47,,
LBBL,34,49,87,,
PFL,48,51,15,,
PFL,39,51,50,,
NMB,25,45,60,,
NGPL,38,58,80,,
SBL,19,45,50,,
RHGCL,34,21,10,,
RHGCL,57,34,30,,
NTC,42,58,363,,
NABIL,19,40,20,,
NABIL,29,40,100,,
NABIL,35,40,30,,
NIBSF2,1,53,200,,
AHPC,34,58,64,,
DORDI,58,29,10,,
USHEC,10,32,10,,
MHL,48,21,10,,
RIDI,29,34,18,,
SIFC,47,50,29,,
SIFC,13,50,20,,
SIFC,20,50,10,,
JFL,54,7,15,,
KEF,43,53,150,,
KEF,58,53,100,,
GVL,13,21,10,,
MFIL,58,41,341,,
MFIL,55,41,500,,
MFIL,4,41,110,,
GVL,13,36,10,,
CIT,42,42,34,,
HDHPC,42,43,100,,
RHGCL,34,26,10,,
MHL,48,46,10,,
MHL,48,42,10,,
RSDC,58,38,10,,
RSDC,52,38,20,,
SHINE,21,55,69,,
SHINE,51,55,31,,
NTC,6,58,100,,
UHEWA,34,35,10,,
SKBBL,47,14,10,,
SKBBL,57,14,50,,
SKBBL,43,14,15,,
SKBBL,17,14,100,,
SKBBL,45,14,50,,
SKBBL,29,14,50,,
SKBBL,53,14,30,,
SKBBL,45,14,13,,
SKBBL,8,14,20,,
MKLB,58,21,10,,
SHEL,52,49,10,,
RHGCL,35,34,30,,
RHGCL,25,34,10,,
RHGCL,51,34,20,,
RHGCL,34,34,10,,
RHGCL,22,34,80,,
RHGCL,57,34,10,,
RHGCL,34,34,10,,
RHGCL,6,34,40,,
RHGCL,34,34,30,,
RHGCL,58,34,10,,
RHGCL,34,34,220,,
AKPL,43,19,50,,
UHEWA,34,38,10,,
CIT,43,29,50,,
CIT,38,29,25,,
CIT,42,29,10,,
CIT,56,29,10,,
MBL,22,51,10,,
HIDCL,11,34,35,,
HIDCL,19,34,82,,
KSBBL,53,38,10,,
AHPC,58,58,20,,
RHGCL,34,42,10,,
MBJC,28,38,10,,
CIT,19,45,50,,
MFIL,51,56,44,,
RHGCL,57,36,10,,
HIDCL,19,46,18,,
NGPL,41,35,68,,
NGPL,6,35,100,,
NGPL,58,35,500,,
NGPL,32,35,350,,
NGPL,41,35,120,,
NGPL,28,35,190,,
NGPL,26,35,100,,
NGPL,44,35,12,,
NGPL,41,35,60,,
NGPL,42,35,500,,
NLIC,51,13,200,,
MHNL,47,58,350,,
MHNL,22,58,35,,
NHPC,7,3,10,,
NHPC,25,3,990,,
SKBBL,29,14,200,,
SKBBL,54,14,30,,
SKBBL,54,14,10,,
SKBBL,36,14,10,,
SKBBL,58,14,20,,
SKBBL,53,14,30,,
NABIL,34,17,10,,
EDBL,14,18,700,,
GHL,57,38,256,,
GHL,25,38,300,,
GHL,34,38,100,,
GHL,58,38,200,,
GHL,5,38,10,,
GHL,20,38,20,,
MHL,40,33,50,,
MHL,48,33,20,,
MHL,58,33,90,,
USHEC,10,36,10,,
SBCF,48,53,500,,
RIDI,34,49,90,,
RIDI,32,49,100,,
RIDI,4,49,10,,
HURJA,28,56,500,,
HURJA,6,56,20,,
HURJA,28,56,500,,
HURJA,38,56,250,,
KMCDB,7,42,11,,
KMCDB,26,42,20,,
USHEC,10,58,10,,
SPC,58,45,10,,
KMCDB,48,39,30,,
GBBL,57,34,10,,
NBL,58,20,20,,
ENL,49,48,300,,
HURJA,49,56,10,,
NHPC,34,49,100,,
LBL,22,49,10,,
MLBL,34,55,13,,
RHGCL,34,43,10,,
ULBSL,51,56,10,,
CLBSL,53,28,37,,
SHPC,28,49,890,,
CLBSL,52,28,100,,
SHPC,25,49,100,,
CLBSL,34,28,100,,
CLBSL,42,28,20,,
CLBSL,8,28,10,,
CLBSL,51,28,70,,
CLBSL,58,28,10,,
CLBSL,35,28,100,,
CLBSL,14,28,30,,
CLBSL,26,28,50,,
CLBSL,39,28,300,,
CLBSL,3,28,13,,
NHPC,25,22,10,,
NTC,58,58,50,,
CIT,22,45,100,,
CIT,22,45,32,,
CIT,38,45,11,,
GLH,8,41,10,,
USHEC,26,36,10,,
BHDC,20,58,10,,
RMF1,28,53,100,,
RMF1,58,53,200,,
RHGCL,57,57,10,,
NTC,45,58,10,,
DORDI,58,55,21,,
DORDI,6,55,100,,
DORDI,4,55,39,,
DORDI,28,55,340,,
API,38,58,704,,
API,45,58,100,,
API,40,58,1000,,
API,16,58,200,,
API,17,58,50,,
API,7,58,200,,
API,57,58,100,,
API,25,58,500,,
API,34,58,500,,
API,51,58,200,,
API,39,58,50,,
API,52,58,500,,
API,5,58,500,,
API,41,58,1379,,
API,5,58,200,,
API,58,58,40,,
API,34,58,200,,
API,45,58,59,,
SAHAS,33,45,10,,
AKPL,48,19,100,,
PFL,57,37,200,,
NTC,16,58,100,,
KMCDB,33,42,50,,
DORDI,28,58,10,,
MHL,42,47,40,,
MHL,42,21,10,,
RHGCL,34,22,10,,
SWBBL,25,29,41,,
SWBBL,33,29,50,,
SHPC,5,49,10,,
NMFBS,34,42,40,,
HPPL,1,41,10,,
UPCL,6,43,100,,
BFC,58,14,100,,
MPFL,47,10,50,,
BHL,43,58,10,,
KBL,56,51,150,,
RHGCL,34,22,10,,
NICL,58,43,18,,
RHGCL,34,32,10,,
KSBBL,40,58,10,,
NTC,16,58,100,,
SGHC,45,36,10,,
FMDBL,38,14,100,,
FMDBL,45,14,200,,
HHL,45,21,10,,
NTC,38,43,40,,
NTC,45,43,20,,
PSF,21,45,100,,
RHGCL,34,22,10,,
SDLBSL,51,36,20,,
KMCDB,33,42,23,,
NTC,49,58,500,,
PSF,21,53,1000,,
SAEF,6,58,10000,,
BFC,43,55,10,,
HHL,45,58,10,,
HIDCLP,55,35,1800,,
HIDCLP,50,35,1000,,
HIDCLP,45,35,10000,,
HIDCLP,47,35,1000,,
HIDCLP,26,35,2000,,
HIDCLP,8,35,200,,
HIDCLP,7,35,5000,,
SSHL,42,32,77,,
UHEWA,34,58,10,,
NBL,58,56,20,,
NUBL,34,51,100,,
MKJC,38,41,10,,
GVL,13,36,10,,
SGHC,45,58,10,,
JOSHI,3,55,12,,
MBJC,28,49,10,,
NRIC,32,47,10,,
RHGCL,58,57,10,,
RHGCL,42,22,10,,
ALICL,42,33,10,,
RHGCL,42,32,10,,
NTC,45,58,10,,
NTC,38,58,40,,
NTC,19,58,30,,
NTC,45,58,180,,
NTC,5,58,50,,
NTC,49,58,250,,
NTC,42,58,520,,
NTC,49,58,250,,
NTC,4,58,500,,
NTC,10,58,21,,
PCBL,25,44,46,,
MPFL,52,10,100,,
SJCL,13,51,30,,
SJCL,7,51,10,,
NIL,19,20,132,,
RHGCL,42,6,10,,
HEI,55,25,101,,
HEI,49,25,100,,
HEI,46,25,82,,
HEI,58,25,13,,
PCBL,57,44,25,,
KMCDB,19,39,5,,
KMCDB,19,42,60,,
GILB,35,4,10,,
NFS,45,58,50,,
NFS,1,58,50,,
KEF,58,45,200,,
NFS,8,58,100,,
NFS,50,58,140,,
SGHC,34,56,10,,
UHEWA,59,58,10,,
HURJA,32,13,20,,
NICA,58,8,20,,
SHEL,58,41,10,,
RHGCL,42,21,10,,
HIDCL,6,45,75,,
SGHC,4,21,10,,
LICN,20,35,20,,
RHGCL,42,21,10,,
NICBF,43,35,200,,
NABIL,58,17,50,,
NABIL,58,16,75,,
KRBL,55,45,76,,
KRBL,42,45,90,,
RHGCL,42,36,10,,
NIFRA,32,42,10,,
SAPDBL,32,56,80,,
SAPDBL,34,56,50,,
SAPDBL,34,56,100,,
RHGCL,42,43,10,,
JOSHI,49,57,10,,
NYADI,4,42,25,,
EDBL,50,34,200,,
SHIVM,17,58,816,,
SHIVM,45,58,72,,
SHIVM,42,58,25,,
SHIVM,19,58,100,,
SHIVM,29,58,125,,
SHIVM,1,58,30,,
SHIVM,57,58,145,,
TPC,25,41,10,,
RHGCL,42,21,10,,
USHEC,10,56,10,,
HIDCL,58,57,12,,
KMCDB,45,39,45,,
GBBL,25,34,290,,
RHGCL,42,57,10,,
GILB,22,4,30,,
USHEC,43,18,10,,
KMCDB,26,42,15,,
NHPC,47,35,100,,
KSBBL,53,38,10,,
NICSF,49,53,500,,
NICSF,52,53,200,,
EDBL,49,35,50,,
EDBL,49,35,50,,
RHGCL,42,38,10,,
KRBL,8,45,480,,
KBL,58,34,25,,
SHPC,42,45,25,,
DORDI,28,36,10,,
NRN,22,44,10,,
MLBL,29,55,10,,
NICLBSL,38,48,10,,
CBBL,35,57,45,,
MERO,25,57,39,,
MERO,55,57,10,,
MERO,49,57,11,,
HDHPC,21,58,534,,
HDHPC,49,58,100,,
HDHPC,40,58,220,,
HDHPC,33,58,926,,
HDHPC,21,58,270,,
RHGCL,42,57,10,,
PCBL,34,44,300,,
MNBBL,32,28,100,,
MNBBL,35,28,204,,
MNBBL,42,28,20,,
MNBBL,48,28,155,,
SHPC,38,45,50,,
NABIL,35,13,50,,
RFPL,49,58,10,,
RHGCL,42,44,10,,
SIFC,13,58,130,,
HHL,45,21,10,,
RFPL,58,58,10,,
NHPC,57,35,100,,
NRIC,35,44,11,,
NRIC,57,44,35,,
GILB,22,57,10,,
JFL,38,29,100,,
AKJCL,34,26,330,,
UPCL,50,38,30,,
KMCDB,25,42,10,,
API,34,25,50,,
NYADI,4,40,10,,
HDHPC,33,59,74,,
HDHPC,52,59,10,,
HDHPC,36,59,100,,
HDHPC,52,59,100,,
HDHPC,47,59,100,,
HDHPC,7,59,45,,
HDHPC,49,59,10,,
HDHPC,35,59,50,,
HDHPC,34,59,17,,
HDHPC,38,5,500,,
PSF,21,38,100,,
UPCL,46,38,20,,
RHGCL,42,57,10,,
AKPL,54,58,79,,
AKPL,38,58,200,,
AKPL,51,58,30,,
AKPL,17,58,200,,
SHPC,22,45,30,,
API,45,46,41,,
AKPL,20,19,20,,
API,8,46,100,,
RHGCL,17,58,10,,
API,1,46,99,,
RADHI,29,52,35,,
AHPC,34,35,50,,
UPPER,6,39,105,,
UPPER,6,39,25,,
UPPER,58,39,60,,
UPPER,6,39,10,,
DHPL,29,34,190,,
MBJC,28,40,10,,
HIDCL,19,57,10,,
RHPL,6,51,58,,
RHPL,14,51,22,,
MHL,58,58,10,,
NIFRA,55,44,54,,
API,1,46,100,,
NRIC,32,39,10,,
SHPC,28,13,110,,
SHPC,26,13,100,,
SHPC,57,13,100,,
SHPC,3,13,300,,
SHPC,52,13,50,,
SHPC,7,13,100,,
SHPC,7,13,100,,
SHPC,52,13,40,,
SHPC,43,13,100,,
MLBSL,42,44,20,,
API,19,46,1000,,
SHPC,10,45,89,,
SHPC,10,43,11,,
RHGCL,42,57,10,,
AHPC,46,35,50,,
AHPC,46,43,50,,
BHL,43,58,10,,
PICL,21,21,49,,
CBBL,35,36,18,,
DORDI,28,40,10,,
MHL,21,47,60,,
UPCL,19,38,100,,
MHL,21,44,10,,
RHGCL,42,32,10,,
UHEWA,59,25,10,,
NLIC,5,13,50,,
NRN,22,58,180,,
NRN,55,58,100,,
NRN,55,58,10,,
NRN,44,58,100,,
NRN,59,58,20,,
NRN,45,58,90,,
RHGCL,42,40,10,,
GUFL,34,13,20,,
CBBL,28,36,12,,
RHGCL,42,57,10,,
BFC,42,55,10,,
BFC,4,55,68,,
IGI,34,50,152,,
IGI,57,50,45,,
USHEC,10,39,10,,
MHL,21,18,10,,
KBL,5,17,43,,
HIDCL,4,57,53,,
CIT,22,25,68,,
CIT,51,25,10,,
CIT,55,25,10,,
CIT,39,25,10,,
UPPER,17,39,10,,
NUBL,46,51,10,,
NTC,3,14,10,,
UPCL,19,11,500,,
MHL,21,51,10,,
RHGCL,42,41,10,,
ICFC,42,25,10,,
SGHC,34,21,10,,
SSHL,36,13,400,,
NIFRA,32,42,10,,
SAHAS,34,41,10,,
NHPC,14,35,300,,
MBJC,28,44,10,,
RFPL,57,56,10,,
NIFRA,55,26,54,,
PICL,38,41,320,,
RHGCL,42,58,10,,
SAHAS,34,7,25,,
LICN,33,58,10,,
BFC,4,38,20,,
HHL,45,22,10,,
NMFBS,13,39,10,,
NMFBS,33,39,50,,
NMFBS,17,39,10,,
NMFBS,52,39,10,,
NMFBS,17,39,10,,
GMFIL,48,54,150,,
BHL,43,21,10,,
RHGCL,42,58,10,,
API,17,46,200,,
RHGCL,42,16,10,,
RHGCL,42,57,10,,
DORDI,28,58,10,,
GLBSL,3,19,20,,
JBBL,19,28,100,,
JBBL,45,28,100,,
JBBL,33,28,18,,
JBBL,11,28,200,,
JBBL,48,28,70,,
RHGCL,42,22,10,,
RHGCL,42,34,10,,
HIDCL,40,57,10,,
HIDCL,40,45,90,,
NABIL,14,16,88,,
SICL,11,38,25,,
SICL,11,8,17,,
HIDCL,33,13,250,,
UHEWA,34,21,10,,
HHL,45,34,10,,
HDL,1,35,50,,
BHL,57,58,10,,
NFS,25,45,830,,
RHGCL,42,57,10,,
HDHPC,34,59,55,,
HIDCL,14,45,10,,
NTC,32,42,10,,
USHEC,10,58,10,,
LICN,20,58,50,,
RHGCL,42,54,10,,
SGHC,57,58,10,,
USHEC,10,58,10,,
CIT,19,11,15,,
NABIL,49,25,500,,
USHEC,49,57,28,,
NTC,41,14,13,,
MNBBL,48,38,105,,
PICL,38,41,180,,
PICL,16,41,50,,
PICL,59,41,100,,
PICL,7,41,70,,
PICL,6,41,500,,
PICL,5,41,100,,
HDHPC,34,44,100,,
BHDC,6,49,10,,
SHIVM,17,7,100,,
MHL,21,58,10,,
UPCL,50,56,90,,
MLBBL,28,39,10,,
SMFBS,55,7,30,,
SKBBL,17,22,50,,
GBBL,43,34,100,,
MHL,48,38,10,,
DORDI,29,38,10,,
JALPA,6,36,10,,
NICLBSL,49,13,10,,
NLIC,35,45,30,,
AHPC,34,29,10,,
RHGCL,42,58,10,,
USHEC,43,58,10,,
SHIVM,14,32,30,,
MNBBL,45,41,42,,
MNBBL,54,41,50,,
MNBBL,53,41,300,,
MNBBL,57,41,50,,
MNBBL,32,41,149,,
GVL,32,44,10,,
RFPL,49,21,10,,
SHINE,51,33,46,,
RHGCL,42,38,10,,
RHGCL,42,57,10,,
RHGCL,42,49,10,,
CIT,48,11,35,,
MHL,48,54,10,,
NABIL,13,25,290,,
NABIL,13,57,50,,
NABIL,13,34,45,,
SRBL,58,7,10,,
HIDCL,52,45,100,,
USHEC,43,21,10,,
RHGCL,42,35,10,,
NLIC,37,13,50,,
HDL,58,4,31,,
HDL,17,4,10,,
HDL,34,4,10,,
HDL,59,4,10,,
HDL,35,4,10,,
HDL,58,4,10,,
HDL,57,4,10,,
HDL,34,4,10,,
HDL,6,4,10,,
HDL,58,4,10,,
HDL,8,4,10,,
HDL,13,4,72,,
AKPL,37,45,500,,
AKPL,37,7,460,,
RSDC,34,38,10,,
LBL,58,49,30,,
SFCL,14,8,100,,
SFCL,22,8,200,,
SFCL,34,8,200,,
CFCL,32,29,100,,
CFCL,6,29,60,,
PCBL,56,44,10,,
API,41,1,121,,
API,38,1,10,,
API,21,1,100,,
API,44,1,20,,
API,25,1,100,,
API,46,1,15,,
API,42,1,25,,
PRVU,58,55,32,,
RHGCL,42,57,10,,
UHEWA,59,21,10,,
ICFC,59,16,10,,
ICFC,28,16,200,,
ICFC,59,16,50,,
ICFC,20,16,200,,
ICFC,33,16,1000,,
ICFC,3,16,500,,
ICFC,52,16,900,,
ICFC,36,16,50,,
ICFC,41,16,90,,
USHEC,43,58,10,,
RHGCL,57,45,10,,
RHGCL,57,42,10,,
PICL,58,21,40,,
PICL,58,21,11,,
CIT,48,39,10,,
CIT,25,39,10,,
UPPER,58,7,140,,
UPPER,58,7,10,,
CHCL,42,57,70,,
NICLBSL,49,13,10,,
UHEWA,59,33,10,,
HIDCL,42,45,100,,
SHINE,51,14,23,,
NTC,45,28,10,,
HDL,13,7,28,,
HDL,57,7,20,,
HDL,50,7,25,,
HDL,42,7,17,,
HDL,58,7,20,,
HDL,49,7,50,,
HDL,49,7,50,,
NTC,38,7,10,,
HDL,49,7,40,,
LBBL,46,49,13,,
RHGCL,42,34,10,,
NCCB,34,5,1000,,
NCCB,34,55,1880,,
SAHAS,34,58,10,,
RHGCL,49,41,10,,
USHEC,43,13,10,,
BHL,57,34,10,,
DHPL,29,7,100,,
NIFRA,55,33,39,,
ALICL,22,42,15,,
SGHC,52,58,10,,
HHL,48,45,335,,
HHL,48,45,115,,
HHL,32,45,300,,
HHL,6,45,30,,
HHL,34,45,200,,
HHL,21,45,10,,
HHL,50,45,200,,
HHL,8,45,10,,
HHL,52,45,10,,
HHL,52,45,20,,
HHL,45,45,20,,
HHL,16,45,20,,
HHL,4,45,50,,
HHL,57,45,90,,
HHL,7,45,410,,
NGPL,28,35,10,,
NGPL,34,35,50,,
NGPL,18,35,50,,
NGPL,45,35,200,,
RHGCL,58,57,10,,
SWBBL,34,22,14,,
ACLBSL,35,33,12,,
FOWAD,40,45,10,,
SGHC,57,21,10,,
FOWAD,17,45,20,,
NIFRA,49,42,100,,
NUBL,36,51,150,,
RHGCL,58,29,10,,
HDL,49,26,20,,
RHGCL,58,49,10,,
SCB,46,22,100,,
NABIL,22,34,50,,
RFPL,40,35,10,,
UHEWA,59,17,10,,
UHEWA,44,17,30,,
STC,54,42,20,,
SHPC,7,43,10,,
SHPC,51,43,50,,
SHPC,28,43,21,,
DHPL,29,7,50,,
SHIVM,19,32,10,,
NRIC,57,33,65,,
NRIC,22,33,135,,
USHEC,38,7,10,,
KBL,5,21,80,,
MBL,26,51,386,,
RHGCL,58,38,10,,
AKJCL,32,38,10,,
UHEWA,44,49,10,,
RHGCL,21,57,10,,
UHEWA,44,34,10,,
MDB,28,50,100,,
MDB,28,50,20,,
MDB,36,50,100,,
SPDL,49,57,10,,
SPDL,45,57,68,,
SPDL,26,57,50,,
SPDL,45,57,20,,
SPDL,42,57,100,,
SPDL,57,57,100,,
NICLBSL,49,13,10,,
SHIVM,17,58,200,,
UMHL,11,14,86,,
MHL,48,21,10,,
SSHL,26,25,50,,
HIDCL,3,45,100,,
PRVU,29,1,34,,
PRVU,29,13,10,,
PRVU,29,42,56,,
MPFL,52,13,10,,
SHINE,42,14,480,,
NIFRA,55,49,64,,
UPPER,29,58,42,,
VLBS,53,51,50,,
NLIC,36,45,20,,
FMDBL,39,29,20,,
AHPC,34,55,20,,
GUFL,34,13,20,,
ICFC,49,16,94,,
UPPER,29,34,34,,
NIFRA,55,33,40,,
AHPC,34,55,100,,
UHEWA,44,49,10,,
UHEWA,44,58,10,,
NIFRA,55,41,32,,
DORDI,34,38,200,,
NHPC,6,22,161,,
NHPC,38,22,439,,
SFCL,22,10,75,,
LEC,32,16,301,,
LEC,53,16,50,,
LEC,34,16,100,,
LEC,21,16,100,,
LEC,47,16,120,,
AKJCL,32,59,339,,
AKJCL,49,59,50,,
AKJCL,58,59,10,,
AKJCL,42,59,50,,
AKJCL,47,59,100,,
AKJCL,34,59,80,,
AKJCL,52,59,771,,
KBL,56,49,27,,
KBL,32,49,12,,
FOWAD,42,45,15,,
FOWAD,45,45,15,,
UPPER,29,51,34,,
RHGCL,57,41,10,,
RHGCL,57,58,10,,
RHGCL,57,25,10,,
NIFRA,55,17,21,,
ADBL,52,25,50,,
HIDCL,49,45,20,,
HIDCL,56,45,94,,
RHGCL,58,57,10,,
UHEWA,44,49,10,,
UHEWA,44,49,10,,
UHEWA,44,58,10,,
UHEWA,44,22,10,,
UHEWA,44,34,10,,
UHEWA,44,57,10,,
UHEWA,44,35,10,,
UHEWA,44,58,10,,
NTC,45,28,10,,
SWBBL,34,7,46,,
CHCL,58,57,20,,
CHCL,45,57,10,,
RHGCL,58,58,10,,
RHGCL,58,34,10,,
PCBL,58,44,32,,
AKJCL,52,38,90,,
SHIVM,58,29,100,,
RHPL,14,8,10,,
SHPC,21,49,100,,
AHPC,58,55,40,,
EBL,35,38,200,,
EBL,21,38,100,,
NSLB,38,21,50,,
SHINE,42,43,20,,
SHINE,13,43,50,,
SHINE,26,43,20,,
SHINE,54,43,100,,
SHINE,52,43,100,,
RHGCL,58,58,10,,
AKJCL,52,7,50,,
UMHL,38,14,414,,
GFCL,5,42,50,,
HDHPC,34,59,178,,
HDHPC,44,59,62,,
HDHPC,47,59,100,,
HDHPC,25,59,250,,
HDHPC,58,59,10,,
HDHPC,47,59,50,,
HDHPC,25,59,200,,
HDHPC,16,59,140,,
HDHPC,52,59,10,,
GILB,40,4,10,,
RHGCL,58,57,10,,
SFCL,22,35,25,,
RHGCL,58,58,10,,
AKJCL,49,25,50,,
MHL,48,38,10,,
NUBL,46,34,15,,
NUBL,55,34,10,,
API,13,45,284,,
RIDI,6,59,215,,
RIDI,48,59,100,,
RIDI,59,59,100,,
RHGCL,42,34,10,,
LICN,38,58,300,,
LICN,57,58,50,,
LICN,59,58,500,,
LICN,19,58,200,,
LICN,14,58,50,,
LICN,45,58,40,,
LICN,59,58,200,,
RHGCL,42,36,10,,
SHL,45,58,190,,
SHL,51,58,100,,
SHL,58,58,1000,,
SHL,34,58,100,,
SHL,17,58,250,,
SHL,58,58,100,,
SHL,17,58,250,,
SHL,7,58,100,,
SHL,56,58,200,,
SHL,58,58,240,,
SHL,57,58,1000,,
SHL,47,58,1470,,
MKJC,38,49,40,,
MKJC,34,49,50,,
MKJC,58,49,10,,
MKJC,19,49,200,,
SHIVM,58,54,142,,
HHL,7,36,50,,
TRH,34,28,235,,
HHL,50,34,10,,
SFCL,34,10,50,,
SHPC,58,49,10,,
ICFC,20,16,20,,
ICFC,28,16,200,,
ICFC,54,16,10,,
ICFC,51,16,200,,
SBL,47,49,271,,
SBL,19,49,300,,
SHIVM,58,56,90,,
BHDC,57,46,10,,
NIBSF2,39,53,300,,
MHL,48,21,10,,
NHPC,38,45,61,,
NHPC,57,45,39,,
DORDI,28,21,10,,
SHIVM,58,29,100,,
HDHPC,58,59,100,,
HDHPC,55,59,70,,
HDHPC,58,59,875,,
TPC,25,51,10,,
SANIMA,58,5,17,,
NICA,19,58,150,,
NICA,55,58,10,,
NICA,29,58,40,,
SRBL,58,49,10,,
NESDO,28,36,10,,
NESDO,28,56,10,,
NESDO,28,33,10,,
NESDO,28,42,10,,
NESDO,28,38,10,,
JOSHI,57,57,105,,
LICN,20,58,50,,
LICN,38,58,200,,
LICN,52,58,26,,
LICN,35,58,50,,
LICN,45,58,100,,
LICN,5,58,100,,
LICN,29,58,100,,
LICN,45,58,250,,
LICN,14,58,10,,
LICN,44,58,20,,
LICN,45,58,10,,
LICN,39,58,100,,
LICN,50,58,100,,
LICN,42,58,13,,
LICN,52,58,10,,
LICN,26,58,100,,
LICN,57,58,120,,
LICN,59,58,80,,
LICN,32,58,20,,
LICN,48,58,20,,
HIDCL,56,7,106,,
HIDCL,13,7,44,,
ICFC,20,42,100,,
API,42,45,100,,
NFS,43,45,200,,
JFL,38,38,10,,
RHGCL,57,38,10,,
RHGCL,57,54,10,,
RHGCL,57,54,10,,
AKJCL,52,38,89,,
AKJCL,28,38,50,,
AKJCL,49,38,51,,
AKJCL,57,38,10,,
AKJCL,57,38,100,,
NRN,58,25,100,,
NRN,55,25,10,,
NRN,32,25,70,,
NRN,58,25,80,,
SWMF,3,3,1,,
RHGCL,54,36,10,,
PCBL,45,44,100,,
USHEC,38,58,30,,
RIDI,34,58,50,,
RIDI,13,58,500,,
RIDI,45,58,50,,
RIDI,42,58,37,,
RIDI,4,58,50,,
RIDI,58,58,50,,
RIDI,58,58,30,,
RIDI,32,58,100,,
RIDI,8,58,100,,
RIDI,41,58,20,,
RIDI,45,58,1000,,
RIDI,40,58,100,,
RIDI,32,58,850,,
RIDI,35,58,500,,
RIDI,34,58,50,,
RIDI,41,58,100,,
RIDI,42,58,100,,
RIDI,45,58,500,,
RIDI,35,58,250,,
RIDI,41,58,30,,
RIDI,49,58,1000,,
RIDI,34,58,300,,
RIDI,55,58,10,,
RIDI,53,58,100,,
RIDI,32,58,500,,
RIDI,53,58,410,,
RIDI,55,58,1000,,
RIDI,3,58,75,,
RIDI,14,58,100,,
RIDI,45,58,90,,
RIDI,34,58,100,,
RIDI,34,58,100,,
RIDI,1,58,500,,
RIDI,39,58,100,,
RIDI,48,58,20,,
RIDI,34,58,50,,
RIDI,25,58,10,,
RIDI,19,58,100,,
RIDI,58,58,100,,
RIDI,20,58,50,,
RIDI,57,58,100,,
RIDI,5,58,690,,
RIDI,42,58,30,,
RIDI,26,58,100,,
RIDI,52,58,500,,
RIDI,51,58,50,,
RIDI,50,58,100,,
RIDI,26,58,90,,
RIDI,38,58,10,,
RIDI,52,58,50,,
RIDI,45,58,46,,
RIDI,57,58,100,,
NICA,41,49,30,,
RIDI,14,58,45,,
NICA,14,49,100,,
NICA,55,49,10,,
NICA,42,49,10,,
NICA,35,49,10,,
NICA,34,49,50,,
NICA,55,49,24,,
NICA,49,49,100,,
NICA,33,49,50,,
NICA,49,49,50,,
NICA,59,49,15,,
NICA,49,49,50,,
HHL,50,51,170,,
HHL,57,51,30,,
KSBBL,11,14,150,,
SHIVM,58,32,857,,
KSBBL,11,14,36,,
SHIVM,55,32,10,,
KSBBL,53,14,10,,
SHIVM,51,32,50,,
SHIVM,55,32,20,,
SHIVM,42,32,1000,,
SHIVM,38,32,53,,
SHIVM,49,32,10,,
ALBSL,46,51,12,,
NLIC,3,3,1,,
NIFRA,33,57,52,,
RHGCL,1,36,10,,
PCBL,42,44,16,,
API,32,45,77,,
API,57,45,300,,
API,57,45,50,,
API,49,45,10,,
API,49,45,200,,
API,7,45,100,,
API,19,45,28,,
API,45,45,100,,
API,49,45,50,,
API,21,45,20,,
API,7,45,40,,
API,42,45,10,,
API,54,45,200,,
API,42,45,10,,
API,22,45,100,,
API,34,45,34,,
API,6,45,100,,
API,17,45,27,,
SGHC,34,38,10,,
JBLB,39,53,10,,
NABIL,46,34,20,,
NIFRA,33,26,23,,
NLG,3,3,1,,
UPCL,17,56,20,,
RHGCL,1,35,10,,
KPCL,42,22,150,,
SHIVM,32,32,50,,
SHIVM,17,32,2910,,
UNHPL,53,34,190,,
UNHPL,28,34,10,,
SFCL,58,35,40,,
MBL,19,51,250,,
MBL,59,51,1000,,
MBL,8,51,200,,
MBL,46,51,200,,
MBL,46,51,11,,
MBL,20,51,100,,
MBL,55,51,100,,
MBL,49,51,500,,
MBL,49,51,100,,
MBL,11,51,13,,
MBL,8,51,20,,
MBL,59,51,100,,
MBL,49,51,20,,
NTC,38,28,10,,
USHEC,42,21,10,,
USHEC,14,21,100,,
USHEC,41,21,30,,
USHEC,17,21,20,,
USHEC,35,21,40,,
NIL,19,26,131,,
NIL,25,26,20,,
NIL,58,26,140,,
NIL,6,26,1000,,
NIL,38,26,200,,
NIL,58,26,50,,
NIL,11,26,20,,
NRIC,34,58,28,,
NRIC,57,58,50,,
NRIC,48,58,22,,
UHEWA,34,49,10,,
SAHAS,39,17,10,,
UNHPL,28,34,190,,
UNHPL,58,34,10,,
NFS,6,45,20,,
NGPL,16,35,20,,
HIDCL,13,7,100,,
NBF3,1,38,810,,
NBF3,38,38,100,,
MLBL,29,6,20,,
UHEWA,34,36,10,,
SIFC,22,17,50,,
SIFC,58,17,200,,
SIFC,44,17,50,,
NABIL,58,34,31,,
GUFL,58,34,500,,
SINDU,3,29,22,,
SINDU,45,29,15,,
SINDU,20,29,500,,
SINDU,52,29,763,,
NABIL,58,34,10,,
GVL,16,26,98,,
GVL,55,26,200,,
GVL,26,26,100,,
GVL,44,26,52,,
NIFRA,33,33,100,,
USHEC,35,57,10,,
RHGCL,57,35,10,,
SHIVM,17,56,90,,
SHIVM,16,56,10,,
SGHC,34,50,10,,
BHL,22,38,10,,
RHGCL,1,21,10,,
SGHC,34,21,10,,
SGHC,34,7,10,,
MMF1,33,53,200,,
NHPC,57,44,300,,
MLBSL,55,44,10,,
NICA,14,39,456,,
HIDCL,13,53,450,,
HIDCL,32,53,100,,
PMHPL,33,59,1180,,
PMHPL,19,59,100,,
PMHPL,45,59,10,,
PMHPL,49,59,100,,
ADBL,37,14,300,,
BHDC,57,17,10,,
USHEC,58,49,10,,
USHEC,58,52,10,,
MLBSL,19,10,14,,
MLBSL,29,10,10,,
NLICL,53,45,10,,
SINDU,52,8,737,,
SINDU,55,8,263,,
ADBL,35,51,500,,
HHL,19,36,30,,
API,17,34,173,,
API,5,34,250,,
API,26,34,50,,
API,10,34,100,,
API,57,34,100,,
API,50,34,327,,
LICN,57,28,34,,
LICN,14,28,10,,
LICN,39,28,50,,
LICN,45,28,20,,
LICN,25,28,11,,
MFIL,4,33,16,,
RHGCL,1,58,10,,
MBJC,28,17,10,,
RHGCL,1,21,10,,
RHGCL,1,6,10,,
NICLBSL,49,6,10,,
UHEWA,34,34,10,,
NGPL,57,35,20,,
NGPL,35,35,100,,
NGPL,42,35,295,,
NGPL,51,35,50,,
NGPL,41,35,200,,
NGPL,44,35,20,,
NGPL,4,35,25,,
NGPL,51,35,25,,
NGPL,48,35,100,,
NGPL,4,35,200,,
NGPL,58,35,10,,
NGPL,48,35,20,,
NGPL,52,35,200,,
NGPL,42,35,20,,
NGPL,56,35,250,,
NGPL,38,35,75,,
NGPL,58,35,10,,
NGPL,45,35,50,,
SAHAS,38,48,10,,
SGHC,52,45,10,,
NICA,6,47,80,,
API,50,47,173,,
API,32,47,200,,
API,41,47,100,,
API,44,47,300,,
API,56,47,200,,
API,26,47,200,,
API,50,47,200,,
API,48,47,600,,
API,34,47,50,,
API,29,47,200,,
API,55,47,50,,
API,43,47,100,,
API,11,47,200,,
API,54,47,400,,
API,18,47,40,,
API,43,47,300,,
API,1,47,100,,
RFPL,26,49,500,,
RFPL,43,49,260,,
RFPL,11,49,100,,
RFPL,58,49,1530,,
RFPL,11,49,160,,
NYADI,4,56,10,,
HDHPC,58,45,625,,
HDHPC,36,45,750,,
LBBL,17,39,15,,
LBBL,35,39,25,,
UMHL,38,34,150,,
UMHL,52,34,100,,
NRN,58,17,10,,
UPPER,29,33,390,,
UPPER,58,33,10,,
UPPER,57,33,10,,
UPPER,49,33,1000,,
UPPER,55,33,410,,
UPPER,57,33,100,,
UPPER,35,33,80,,
RHGCL,1,32,10,,
SINDU,46,38,100,,
SDLBSL,3,3,1,,
BNT,56,22,40,,
GBBL,57,45,73,,
GBBL,34,45,50,,
GBBL,20,45,300,,
NIFRA,55,51,20,,
NIFRA,21,51,44,,
RHGCL,1,38,10,,
DORDI,28,17,10,,
MBL,53,34,100,,
HDHPC,42,54,100,,
UPPER,35,41,20,,
OHL,54,26,50,,
RHGCL,1,29,10,,
GVL,44,26,448,,
GVL,1,26,100,,
GVL,41,26,702,,
RHGCL,1,21,10,,
NABIL,57,34,10,,
FOWAD,3,3,1,,
MHL,48,58,10,,
ADBL,32,58,10,,
ADBL,45,58,10,,
GVL,41,54,298,,
GVL,49,54,302,,
NHPC,57,16,661,,
NHPC,38,16,50,,
NHPC,4,16,50,,
NHPC,41,16,200,,
NHPC,22,16,100,,
NHPC,6,16,100,,
NHPC,34,16,300,,
RBCL,34,41,10,,
RBCL,22,41,10,,
GLH,58,17,10,,
UHEWA,34,22,10,,
NIFRA,46,4,11,,
NIFRA,46,58,54,,
NIFRA,46,45,25,,
RHGCL,44,29,10,,
SGHC,52,45,10,,
SSHL,35,13,300,,
SSHL,1,13,500,,
SSHL,49,13,50,,
SSHL,17,13,100,,
SSHL,57,13,50,,
SSHL,36,13,100,,
API,37,45,100,,
API,39,45,10,,
AKPL,20,7,20,,
AKJCL,19,57,10,,
NABIL,14,51,11,,
USHEC,49,58,10,,
NFS,25,45,500,,
NFS,1,45,25,,
NFS,45,45,50,,
NFS,48,45,20,,
NFS,58,45,50,,
NFS,34,45,10,,
NFS,8,45,60,,
NFS,6,45,20,,
NFS,7,45,100,,
NFS,14,45,15,,
RHGCL,45,29,10,,
RHGCL,6,1,10,,
SADBL,1,39,465,,
SADBL,46,39,35,,
NTC,14,58,10,,
NTC,57,58,20,,
NTC,45,58,110,,
NTC,6,58,300,,
NTC,6,58,100,,
NTC,34,58,100,,
NTC,18,58,50,,
NTC,33,58,30,,
NTC,45,58,500,,
NTC,35,58,1000,,
NTC,49,58,300,,
NTC,57,58,30,,
NTC,10,58,30,,
NTC,4,58,20,,
NTC,34,58,20,,
NTC,43,58,200,,
NTC,34,58,200,,
NTC,21,58,100,,
NTC,33,58,10,,
NTC,35,58,100,,
NTC,49,58,200,,
NTC,14,58,50,,
NTC,17,58,25,,
NTC,29,58,800,,
NTC,3,58,200,,
NTC,45,58,100,,
NTC,18,58,50,,
NTC,28,58,50,,
NTC,32,58,100,,
NTC,42,58,100,,
NTC,36,58,50,,
NTC,19,58,100,,
NTC,51,58,30,,
NTC,57,58,50,,
NTC,6,58,50,,
NTC,25,58,100,,
NTC,39,58,200,,
NTC,38,58,50,,
NTC,6,58,10,,
NTC,32,58,20,,
NTC,53,58,100,,
NTC,43,58,100,,
NTC,5,58,50,,
NTC,45,58,50,,
NTC,57,58,100,,
NTC,6,58,10,,
NTC,52,58,100,,
NTC,29,58,10,,
NTC,29,58,950,,
NTC,32,58,10,,
NTC,45,58,10,,
NTC,16,58,500,,
NTC,21,58,50,,
NTC,38,58,50,,
NTC,46,58,20,,
NTC,58,58,50,,
NTC,20,58,50,,
NTC,39,58,100,,
NTC,48,58,100,,
NTC,40,58,10,,
NTC,57,58,55,,
NTC,58,58,100,,
NTC,53,58,50,,
NTC,14,58,100,,
NTC,29,58,100,,
NTC,51,58,25,,
NTC,46,58,200,,
NTC,42,58,100,,
NTC,58,58,10,,
NTC,58,58,30,,
HHL,19,21,10,,
NTC,34,58,100,,
NTC,35,58,50,,
NTC,34,58,200,,
NTC,58,58,10,,
NTC,43,58,50,,
NTC,58,58,10,,
NTC,7,58,40,,
NTC,45,58,200,,
NTC,58,58,500,,
NTC,58,58,500,,
NTC,37,58,30,,
NTC,58,58,295,,
NTC,49,58,200,,
NTC,33,58,30,,
NTC,3,58,100,,
NTC,21,58,10,,
NTC,39,58,10,,
NTC,58,58,10,,
NTC,57,58,300,,
NTC,17,58,500,,
NTC,42,58,100,,
NTC,34,58,200,,
NTC,14,58,40,,
NTC,51,58,25,,
NTC,43,58,100,,
NTC,16,58,200,,
NTC,49,58,75,,
NTC,21,58,20,,
NTC,57,58,50,,
NTC,58,58,10,,
NTC,58,58,50,,
NTC,57,58,50,,
NTC,32,58,50,,
NTC,51,58,480,,
NTC,51,58,400,,
NTC,40,58,10,,
NTC,4,58,1000,,
NTC,4,58,20,,
NTC,58,58,10,,
NTC,49,58,100,,
NTC,16,58,100,,
NTC,52,58,10,,
API,38,25,100,,
SWBBL,52,7,10,,
NCCB,56,55,10,,
RHGCL,45,21,10,,
SDLBSL,3,22,1,,
RHPL,14,22,168,,
RHPL,11,22,32,,
SINDU,46,8,400,,
RHGCL,45,49,10,,
RHGCL,45,6,10,,
HHL,55,46,10,,
RADHI,11,25,191,,
SWMF,3,3,1,,
STC,58,22,10,,
SGHC,45,38,10,,
UHEWA,34,58,10,,
KSBBL,11,38,100,,
NCCB,34,7,50,,
SSHL,57,7,423,,
USHEC,35,51,10,,
NHPC,22,22,50,,
MBJC,28,51,10,,
FOWAD,3,58,1,,
USHEC,49,58,10,,
NIFRA,3,45,25,,
NCCB,56,55,10,,
NHPC,44,49,250,,
RHGCL,45,29,10,,
GILB,3,3,1,,
RFPL,11,58,10,,
API,58,25,15,,
API,50,25,200,,
SHEL,52,10,158,,
SHEL,1,10,410,,
SHEL,4,10,105,,
SHEL,4,10,384,,
SHEL,43,10,160,,
SHEL,21,10,50,,
SHEL,57,10,70,,
SHEL,22,10,100,,
CMF1,19,22,2400,,
NUBL,36,22,100,,
LICN,20,34,50,,
MLBSL,6,49,10,,
MLBSL,35,49,10,,
MLBSL,57,49,12,,
NABIL,34,34,33,,
NLIC,8,21,155,,
NLIC,33,21,500,,
NLIC,58,21,15,,
NLIC,58,21,30,,
KSBBL,11,45,64,,
KSBBL,36,45,50,,
KSBBL,17,45,166,,
KSBBL,53,45,20,,
MHL,48,21,10,,
NICLBSL,49,40,10,,
HIDCL,13,22,29,,
NICA,45,47,10,,
SGHC,16,25,10,,
MBJC,28,58,10,,
EDBL,36,22,10,,
GBBL,4,34,112,,
NFS,38,45,100,,
STC,39,42,10,,
STC,38,42,12,,
HEI,46,41,20,,
NTC,42,58,10,,
NTC,59,58,195,,
NTC,5,58,50,,
NTC,58,58,10,,
NTC,21,58,20,,
NTC,57,58,10,,
NTC,19,58,15,,
NTC,49,58,30,,
NTC,38,58,20,,
NTC,36,58,80,,
NTC,53,58,30,,
NTC,59,58,100,,
NTC,32,58,300,,
NTC,29,58,50,,
NTC,46,58,90,,
NTC,49,58,20,,
NTC,18,58,50,,
NTC,45,58,500,,
NTC,26,58,10,,
NTC,32,58,300,,
NTC,26,58,20,,
NTC,26,58,10,,
NTC,25,58,50,,
NTC,55,58,500,,
NTC,46,58,10,,
RMDC,38,14,90,,
RMDC,44,14,50,,
RMDC,51,14,20,,
RMDC,17,14,450,,
RMDC,49,14,10,,
SHPC,5,29,10,,
API,47,45,200,,
API,58,45,50,,
RHGCL,44,47,10,,
HIDCL,13,49,77,,
HIDCL,59,49,100,,
HIDCL,42,49,10,,
HIDCL,55,49,30,,
HIDCL,41,49,100,,
HIDCL,41,49,100,,
HIDCL,58,49,10,,
HIDCL,18,49,200,,
HIDCL,3,49,200,,
HIDCL,29,49,10,,
HIDCL,32,49,15,,
HIDCL,58,49,100,,
HIDCL,49,49,50,,
HIDCL,14,49,20,,
HIDCL,49,49,18,,
HIDCL,49,49,40,,
RHGCL,44,59,10,,
UHEWA,34,21,10,,
RHGCL,44,38,10,,
AKPL,54,8,100,,
RLFL,32,4,125,,
RLFL,32,49,366,,
BHL,22,58,10,,
RADHI,19,42,12,,
NABIL,14,17,401,,
RHGCL,44,16,10,,
IGI,33,35,300,,
GVL,49,25,698,,
GVL,25,25,100,,
GVL,33,25,220,,
NICL,52,21,17,,
NICL,42,21,17,,
RHGCL,44,46,10,,
USHEC,35,22,10,,
NRIC,40,58,20,,
NRIC,41,58,40,,
NRIC,47,58,50,,
NRIC,25,58,38,,
RHGCL,44,52,10,,
USHEC,43,50,10,,
NTC,35,28,13,,
NTC,36,28,45,,
NTC,4,28,50,,
NTC,41,28,32,,
NTC,17,28,10,,
NTC,48,28,20,,
NTC,35,28,20,,
NTC,49,28,200,,
NTC,44,28,100,,
NTC,50,28,10,,
NTC,26,58,500,,
NBL,37,20,61,,
NBL,37,46,200,,
NBL,37,49,25,,
NBL,37,34,29,,
NBL,37,46,100,,
NBL,37,38,75,,
NBL,37,45,10,,
NLIC,28,3,1,,
MBJC,28,22,10,,
RHGCL,44,38,10,,
NMBMF,54,50,116,,
NMBMF,41,50,34,,
NTC,38,58,10,,
NTC,47,58,67,,
NTC,35,58,10,,
NTC,58,58,17,,
NTC,57,58,20,,
NTC,39,58,10,,
RHGCL,44,58,10,,
RHGCL,44,59,10,,
SAHAS,39,3,10,,
CBBL,13,36,50,,
UHEWA,34,21,10,,
DORDI,16,58,10,,
RHGCL,44,29,10,,
NTC,39,28,200,,
GLH,39,51,10,,
NLICL,58,56,10,,
NLICL,57,56,20,,
NLICL,6,56,50,,
DDBL,58,40,40,,
DDBL,10,40,10,,
RHGCL,44,58,10,,
ULBSL,51,19,90,,
ULBSL,14,19,20,,
ULBSL,55,19,10,,
ULBSL,45,19,10,,
RHGCL,44,17,10,,
NLIC,26,32,252,,
NLIC,53,32,120,,
NLIC,46,32,25,,
NLIC,17,32,35,,
NLIC,53,32,50,,
NLIC,52,32,200,,
NLIC,45,32,50,,
NLIC,32,32,50,,
NLIC,10,32,30,,
NLIC,41,32,100,,
NLIC,32,32,30,,
NLIC,10,32,20,,
NLIC,47,32,10,,
NLIC,38,32,28,,
GVL,33,3,10,,
BFC,44,14,45,,
MKJC,58,42,20,,
MKJC,42,42,80,,
CZBIL,58,7,50,,
ICFC,41,16,200,,
ICFC,6,16,250,,
ICFC,35,16,50,,
ICFC,25,16,100,,
ICFC,58,16,70,,
ICFC,59,16,18,,
ICFC,59,16,200,,
ICFC,41,16,200,,
ICFC,38,16,20,,
ICFC,45,16,20,,
ICFC,39,16,30,,
ICFC,28,16,200,,
RHGCL,44,59,10,,
BHDC,57,3,10,,
DDBL,22,13,10,,
HHL,55,7,10,,
MHL,48,58,10,,
RHGCL,58,58,10,,
CBBL,45,48,73,,
CBBL,49,48,20,,
CBBL,56,48,20,,
CBBL,29,48,200,,
CBBL,58,48,20,,
CBBL,6,48,12,,
NICLBSL,54,22,30,,
NRIC,19,22,10,,
SFMF,13,55,1000,,
SFMF,59,55,5000,,
SFMF,44,55,9000,,
MFIL,34,49,97,,
MFIL,42,49,100,,
MFIL,43,49,200,,
MFIL,42,49,50,,
MFIL,55,49,150,,
MFIL,51,49,100,,
MFIL,44,49,50,,
MFIL,57,49,10,,
MFIL,41,49,20,,
MFIL,57,49,160,,
MFIL,21,49,13,,
MFIL,5,49,100,,
SINDU,55,19,137,,
SINDU,55,19,100,,
SINDU,52,19,500,,
SINDU,37,19,18,,
SINDU,33,19,100,,
SINDU,8,19,500,,
SINDU,10,19,100,,
SINDU,26,19,300,,
SINDU,32,19,100,,
SINDU,8,19,80,,
SINDU,42,19,500,,
SINDU,29,19,100,,
SINDU,38,19,50,,
SINDU,52,19,15,,
SINDU,29,19,100,,
SINDU,20,19,200,,
RIDI,54,19,200,,
UPCL,38,21,50,,
UPCL,37,21,100,,
UMHL,11,43,500,,
NUBL,49,51,36,,
KBL,29,7,50,,
JBBL,48,45,130,,
JBBL,42,45,10,,
RHGCL,58,59,10,,
NUBL,49,5,200,,
RHGCL,51,36,10,,
UHEWA,34,38,10,,
CIT,48,25,110,,
KPCL,46,28,40,,
NESDO,28,57,10,,
HIDCL,49,6,467,,
HIDCL,38,6,100,,
HIDCL,41,6,50,,
HIDCL,58,6,24,,
HIDCL,45,6,50,,
HIDCL,51,6,49,,
HIDCL,26,6,100,,
HIDCL,45,6,50,,
HIDCL,28,6,100,,
HIDCL,43,6,100,,
HIDCL,57,6,150,,
HIDCL,14,6,200,,
HIDCL,51,6,50,,
PCBL,43,44,123,,
PCBL,43,8,20,,
PCBL,43,51,727,,
PCBL,43,44,10,,
PCBL,43,44,10,,
PCBL,43,44,10,,
PCBL,43,44,180,,
PCBL,43,22,20,,
GILB,13,25,35,,
MNBBL,32,58,33,,
MNBBL,34,58,25,,
BPCL,6,51,41,,
NICA,14,34,519,,
NICA,45,34,81,,
SAHAS,11,49,100,,
BHDC,3,26,10,,
SADBL,46,39,465,,
SADBL,42,39,35,,
RHGCL,45,29,10,,
RHGCL,45,58,10,,
BHL,22,38,10,,
HDHPC,16,38,60,,
NLICL,6,56,950,,
NLICL,33,56,100,,
NLICL,55,56,50,,
NLICL,16,56,100,,
MBJC,28,42,10,,
RHGCL,45,57,10,,
GVL,3,58,10,,
UMHL,32,43,200,,
NLICL,16,26,100,,
USHEC,53,46,10,,
NIBLPF,47,22,375,,
NIBLPF,47,22,7995,,
CGH,59,58,20,,
ALICL,45,35,15,,
ALICL,39,35,10,,
RHGCL,45,58,10,,
KEF,34,6,1000,,
SGHC,16,6,10,,
NTC,22,28,16,,
RHGCL,45,47,10,,
SEF,58,7,1000,,
USHEC,53,35,390,,
USHEC,3,35,10,,
SHPC,28,49,479,,
SHPC,5,49,50,,
SHPC,5,49,50,,
SHPC,42,49,300,,
SHPC,42,49,30,,
LICN,57,28,100,,
SHPC,51,49,20,,
SHPC,43,49,81,,
SHPC,50,49,10,,
SHPC,22,49,80,,
RHGCL,45,38,10,,
MHL,58,42,10,,
GMFIL,48,45,50,,
RHGCL,45,29,10,,
NHPC,57,49,10,,
UMHL,32,43,300,,
SRBL,45,7,44,,
NLIC,38,38,10,,
RHGCL,45,47,10,,
NLICL,7,56,130,,
RIDI,17,58,100,,
NLIC,38,38,12,,
NLIC,14,38,50,,
NLIC,10,38,10,,
NLIC,58,38,10,,
NLIC,45,38,40,,
NLIC,34,38,100,,
NLIC,42,38,500,,
NLIC,42,38,500,,
NLIC,14,38,424,,
SGHC,16,52,10,,
SAHAS,58,59,10,,
SGHC,16,38,10,,
CZBIL,32,36,16,,
JBBL,52,45,200,,
JBBL,22,45,10,,
JBBL,26,45,50,,
RHGCL,58,51,10,,
SWBBL,49,7,10,,
SWBBL,17,7,10,,
MHL,58,49,10,,
NUBL,22,37,20,,
MBJC,6,55,10,,
MBJC,45,55,460,,
NCCB,34,45,30,,
DORDI,16,58,10,,
NTC,34,44,180,,
NTC,34,59,20,,
JALPA,59,38,10,,
NICA,45,45,19,,
RHGCL,45,57,10,,
SGHC,16,35,10,,
NYADI,57,42,20,,
RHGCL,45,42,10,,
NIFRA,55,7,29,,
NIFRA,1,7,36,,
NIFRA,46,7,35,,
JBBL,58,49,50,,
UHEWA,34,45,10,,
MHL,58,21,10,,
AKPL,54,49,821,,
AKPL,49,49,100,,
AKPL,1,49,50,,
AKPL,44,49,29,,
RHGCL,57,34,10,,
GVL,25,34,10,,
GVL,25,58,10,,
NESDO,28,57,13,,
NESDO,28,42,12,,
NESDO,28,45,10,,
GFCL,5,42,15,,
GFCL,44,42,25,,
GFCL,34,42,60,,
MHL,42,42,10,,
KBL,29,49,60,,
MHL,58,44,10,,
NLIC,28,39,37,,
JALPA,51,45,50,,
LBBL,22,45,50,,
LBBL,22,38,50,,
RHGCL,51,49,10,,
NHPC,39,49,10,,
SHEL,40,43,10,,
HDHPC,33,59,300,,
HDHPC,53,59,194,,
HDHPC,53,21,181,,
HDHPC,53,44,200,,
NCCB,34,55,520,,
NCCB,42,55,20,,
NTC,34,59,180,,
NTC,34,22,50,,
SHINE,16,45,100,,
SHINE,16,45,60,,
SHINE,42,45,165,,
ILBS,32,34,16,,
SHIVM,49,34,13,,
SHIVM,19,34,17,,
MHL,58,45,146,,
NTC,45,28,50,,
PCBL,58,44,10,,
BFC,44,58,285,,
KBL,29,34,106,,
MNBBL,32,32,165,,
JSLBB,19,58,30,,
JSLBB,22,58,10,,
JALPA,33,58,10,,
MNBBL,32,58,90,,
UHEWA,44,58,10,,
MNBBL,58,58,10,,
SPDL,6,28,20,,
SPDL,41,28,80,,
NLIC,28,39,12,,
NLIC,41,39,20,,
NLIC,53,39,110,,
NLIC,35,39,100,,
NLIC,4,39,15,,
NLIC,57,39,20,,
NLIC,41,39,123,,
SPDL,39,29,10,,
UHEWA,44,58,10,,
SGHC,45,29,10,,
RHGCL,42,38,10,,
RHGCL,57,57,10,,
JBBL,47,38,13,,
EBL,44,14,29,,
RHGCL,57,22,10,,
RHGCL,51,6,10,,
UMHL,11,42,100,,
NYADI,4,57,10,,
RHGCL,42,38,10,,
BARUN,1,51,17,,
MFIL,50,58,72,,
MNBBL,32,29,50,,
MNBBL,58,29,30,,
MNBBL,58,29,10,,
MNBBL,34,29,110,,
JBLB,40,44,3,,
JBLB,40,39,17,,
AKPL,39,7,10,,
RADHI,52,35,20,,
NLIC,3,3,1,,
NABIL,35,38,20,,
BHL,43,21,10,,
BHL,34,38,10,,
MHL,58,58,10,,
NIFRA,35,45,10,,
CMF1,19,32,600,,
AHPC,39,55,10,,
CZBIL,58,35,1895,,
CZBIL,53,35,45,,
CZBIL,42,35,100,,
CZBIL,38,35,10,,
API,19,47,110,,
NHPC,22,26,100,,
NHPC,56,26,50,,
NLIC,41,49,377,,
NLIC,8,49,123,,
SGHC,17,38,10,,
MBJC,45,38,10,,
MBJC,45,56,10,,
RHGCL,26,11,10,,
GILB,3,3,1,,
NTC,45,28,50,,
HDHPC,39,22,100,,
EBL,7,14,140,,
DDBL,57,13,50,,
RHGCL,26,45,10,,
NTC,45,28,10,,
MBJC,45,3,10,,
PMHPL,55,59,50,,
RIDI,14,50,265,,
RIDI,14,26,240,,
IGI,34,39,600,,
DORDI,16,58,10,,
API,19,21,90,,
MHL,33,21,10,,
NIFRA,46,22,50,,
RHGCL,26,48,10,,
NICLBSL,54,11,20,,
NLIC,8,7,23,,
HDL,42,39,33,,
HDL,49,39,10,,
RULB,45,56,10,,
AKPL,44,19,21,,
AKPL,14,19,50,,
AKPL,25,19,200,,
AKPL,46,19,10,,
AKPL,38,19,19,,
GILB,45,25,119,,
GILB,56,25,16,,
GILB,14,25,20,,
GILB,55,25,10,,
GBBL,4,47,388,,
GBBL,44,47,102,,
GBBL,58,47,10,,
SGHC,45,58,10,,
BHDC,57,26,10,,
AKPL,35,7,10,,
KMCDB,53,42,14,,
NESDO,28,42,10,,
MHL,3,3,10,,
RHGCL,26,55,10,,
KBL,32,34,19,,
NIFRA,46,34,15,,
RULB,51,49,10,,
DORDI,58,58,10,,
GVL,33,11,10,,
RHGCL,26,38,10,,
PMHPL,55,59,250,,
PMHPL,38,59,250,,
API,34,21,10,,
SHIVM,19,39,43,,
SHIVM,43,39,147,,
SHIVM,34,39,10,,
SFCL,32,35,90,,
RHGCL,26,1,10,,
BFC,44,28,50,,
SGHC,19,32,10,,
GLH,39,11,10,,
RHGCL,26,38,10,,
API,13,11,1,,
RHGCL,26,56,10,,
DORDI,53,22,10,,
DORDI,53,4,10,,
DORDI,53,4,10,,
DORDI,53,16,10,,
DORDI,53,51,10,,
UHEWA,34,6,10,,
JBLB,16,33,13,,
JBLB,49,33,50,,
RHGCL,26,57,10,,
NTC,45,58,490,,
NTC,17,58,10,,
SICL,29,48,150,,
RHGCL,26,22,10,,
USHEC,43,34,10,,
CIT,48,36,45,,
CIT,52,36,20,,
CIT,28,36,10,,
RHGCL,26,38,10,,
CHDC,58,11,10,,
FOWAD,41,58,10,,
FOWAD,16,58,27,,
NESDO,35,28,1000,,
NESDO,56,28,100,,
NESDO,44,28,20,,
NESDO,35,28,500,,
NESDO,39,28,50,,
NESDO,38,28,10,,
NESDO,16,28,100,,
NESDO,58,28,19,,
NESDO,35,28,500,,
NESDO,35,28,50,,
NESDO,45,28,10,,
NESDO,59,28,100,,
NFS,34,45,100,,
NESDO,28,28,100,,
NFS,45,45,10,,
NESDO,14,28,50,,
NESDO,34,28,59,,
NESDO,44,28,10,,
NESDO,43,28,10,,
NESDO,6,28,20,,
NESDO,14,28,30,,
SGHC,49,49,10,,
GVL,33,58,10,,
NESDO,20,28,50,,
NESDO,32,28,10,,
NESDO,39,28,10,,
NESDO,59,28,10,,
NESDO,59,28,100,,
NESDO,58,28,50,,
NESDO,48,28,10,,
NESDO,58,28,10,,
NESDO,35,28,100,,
NESDO,28,28,1000,,
NESDO,57,28,40,,
NESDO,6,28,10,,
NESDO,40,28,50,,
NESDO,44,28,1000,,
NESDO,14,28,50,,
NMBMF,17,36,65,,
HIDCL,58,46,40,,
UHEWA,34,58,10,,
MFIL,34,58,10,,
RHGCL,26,38,10,,
USHEC,35,58,10,,
AKPL,38,45,81,,
AKPL,49,45,50,,
AKPL,47,45,50,,
AKPL,58,45,10,,
KPCL,45,14,10,,
KPCL,45,14,27,,
KPCL,25,14,10,,
KPCL,49,14,1000,,
KPCL,58,14,10,,
KPCL,59,14,50,,
KPCL,40,14,90,,
KPCL,21,14,50,,
KPCL,41,14,100,,
KPCL,41,14,100,,
KPCL,45,14,10,,
AKPL,49,21,10,,
SGHC,49,25,10,,
BHDC,57,11,10,,
RHGCL,26,22,10,,
RHGCL,26,25,10,,
RHGCL,26,43,10,,
RHGCL,26,57,10,,
RHGCL,26,58,10,,
RHGCL,42,32,10,,
PCBL,35,44,810,,
SHL,50,39,100,,
DORDI,58,58,10,,
USHEC,42,42,10,,
SHEL,58,14,10,,
RHGCL,42,38,10,,
MPFL,28,41,100,,
RHGCL,42,22,10,,
NTC,6,28,50,,
UHEWA,34,47,10,,
JBBL,20,38,500,,
JBBL,44,38,100,,
JBBL,45,38,372,,
NESDO,14,42,18,,
NESDO,1,42,20,,
FOWAD,3,3,1,,
RHGCL,55,45,10,,
RHGCL,55,22,10,,
EBL,7,1,50,,
RHGCL,55,58,10,,
NLICL,7,5,62,,
NLICL,3,5,38,,
AHPC,33,35,300,,
PCBL,35,34,190,,
GILB,3,3,1,,
RHGCL,55,38,10,,
NTC,41,58,22,,
GBBL,49,45,150,,
GBBL,44,45,100,,
RHGCL,55,22,10,,
USHEC,49,28,10,,
JALPA,58,34,10,,
NLG,3,3,1,,
MFIL,45,58,50,,
RHGCL,55,58,10,,
MFIL,51,58,50,,
RMDC,16,49,14,,
MBJC,45,49,10,,
RHGCL,55,4,10,,
MHL,33,29,10,,
RHGCL,42,22,10,,
SBL,38,14,78,,
SBL,38,3,10,,
SBL,38,43,12,,
NLIC,3,3,1,,
NLIC,8,39,54,,
NLIC,21,39,10,,
NLIC,7,39,100,,
NLIC,49,39,10,,
NLIC,11,39,15,,
NLIC,58,39,10,,
NLIC,48,39,200,,
GVL,33,51,10,,
NMBMF,29,36,19,,
DORDI,16,51,90,,
PMHPL,11,59,60,,
RADHI,17,8,348,,
RADHI,22,8,50,,
RADHI,49,8,100,,
SHEL,28,10,363,,
RHGCL,57,22,10,,
BHDC,47,58,10,,
BHDC,47,49,10,,
DORDI,16,46,10,,
RHGCL,42,22,10,,
CMF1,19,7,200,,
RHGCL,42,26,10,,
SHINE,17,26,80,,
RHGCL,42,33,10,,
CZBIL,38,35,190,,
CZBIL,45,35,10,,
SHIVM,43,42,25,,
RHGCL,44,49,10,,
RHGCL,42,51,10,,
PCBL,56,34,10,,
PCBL,56,26,161,,
STC,28,42,10,,
STC,57,42,10,,
AKPL,52,21,30,,
API,13,11,1,,
RSDC,46,38,50,,
NLICL,3,39,12,,
NLICL,17,39,11,,
NLICL,29,39,96,,
NLIC,5,32,20,,
NLIC,32,32,50,,
NLIC,53,32,100,,
NLIC,37,32,50,,
NLIC,45,32,50,,
NLIC,45,32,124,,
NUBL,34,51,50,,
LICN,28,58,10,,
BFC,4,58,210,,
NICL,45,8,150,,
NICL,7,8,10,,
MFIL,6,33,30,,
MFIL,42,33,14,,
RHGCL,42,58,10,,
RHGCL,42,26,10,,
KPCL,59,28,20,,
FOWAD,16,51,23,,
FOWAD,55,51,10,,
FOWAD,29,51,20,,
FOWAD,18,51,50,,
FOWAD,13,51,30,,
FOWAD,45,51,35,,
FOWAD,53,51,20,,
FOWAD,55,51,85,,
FOWAD,41,51,42,,
FOWAD,19,51,45,,
FOWAD,40,51,20,,
FOWAD,38,51,10,,
FOWAD,45,51,10,,
NTC,19,28,10,,
SHIVM,43,17,28,,
SHIVM,22,17,12,,
RHGCL,42,22,10,,
UHEWA,34,45,10,,
GVL,33,21,10,,
KSBBL,17,25,34,,
KSBBL,58,25,10,,
NLIC,46,39,50,,
GVL,33,58,10,,
GVL,33,38,10,,
HHL,55,52,10,,
AHPC,37,35,200,,
RHGCL,42,58,10,,
JBBL,45,45,83,,
GBBL,58,45,16,,
GBBL,38,45,53,,
HBL,37,42,20,,
BFC,58,58,100,,
NTC,19,58,90,,
NTC,49,58,10,,
RHGCL,45,22,10,,
MBJC,13,25,400,,
MBJC,17,25,770,,
MBJC,3,25,10,,
HHL,55,45,10,,
HHL,55,46,10,,
SADBL,42,26,90,,
SADBL,28,26,160,,
AKPL,52,19,170,,
AKPL,56,19,20,,
AKPL,21,19,50,,
AKPL,32,19,50,,
AKPL,36,19,10,,
AKPL,13,19,10,,
AKPL,58,19,40,,
RHGCL,42,22,10,,
BPCL,6,26,12,,
JBLB,34,8,10,,
KSBBL,34,25,209,,
KSBBL,11,25,27,,
RHGCL,57,22,10,,
AKJCL,25,34,10,,
GBBL,34,45,100,,
GBBL,53,45,25,,
GBBL,22,45,39,,
GBBL,1,45,49,,
HIDCL,42,46,50,,
RFPL,11,48,10,,
PPCL,49,45,500,,
RHGCL,8,47,10,,
RHGCL,58,22,10,,
PICL,10,29,50,,
NTC,41,58,25,,
BHDC,57,21,10,,
PCBL,56,26,10,,
HHL,55,34,10,,
NLIC,45,46,26,,
DORDI,45,17,10,,
PCBL,32,26,200,,
HDHPC,50,59,1000,,
NIFRA,47,44,19,,
NIFRA,48,44,35,,
RHGCL,58,22,10,,
HHL,55,29,10,,
NLIC,4,39,20,,
HHL,55,48,10,,
MBJC,17,53,100,,
VLBS,49,58,13,,
SAHAS,3,3,10,,
API,13,45,250,,
USHEC,35,35,10,,
JBBL,46,49,50,,
RHGCL,57,22,10,,
ALICL,6,8,480,,
AKPL,58,58,20,,
NLG,53,29,10,,
AKJCL,49,35,120,,
AKJCL,58,35,113,,
AKJCL,40,35,66,,
AKJCL,58,35,19,,
AKJCL,50,35,100,,
AKJCL,41,35,50,,
NCCB,39,55,100,,
KSBBL,44,25,100,,
SCB,45,17,390,,
SCB,28,17,290,,
BHL,34,22,120,,
NIFRA,35,26,30,,
NIFRA,6,26,90,,
NIFRA,8,26,100,,
NIFRA,21,26,50,,
NIFRA,38,26,100,,
NIFRA,49,26,70,,
FMDBL,34,34,40,,
FMDBL,25,34,100,,
FMDBL,11,34,19,,
BHL,43,48,10,,
RHGCL,41,43,40,,
PCBL,5,44,60,,
PCBL,59,44,200,,
PCBL,25,44,46,,
PCBL,52,44,30,,
PCBL,17,44,70,,
JBBL,50,40,300,,
SSHL,57,42,77,,
SSHL,55,42,233,,
SSHL,14,42,200,,
RHGCL,41,22,10,,
MHL,33,21,10,,
NLICL,17,45,50,,
MEN,42,32,30,,
RHGCL,41,43,10,,
RHGCL,41,22,10,,
RHGCL,41,58,10,,
SINDU,20,58,200,,
SINDU,55,58,400,,
SBCF,39,7,100,,
NLICL,54,45,96,,
USHEC,3,57,10,,
NICA,14,41,25,,
BHDC,34,48,10,,
NCCB,34,33,5413,,
HDL,34,34,33,,
HDL,34,52,10,,
API,46,45,50,,
SHIVM,19,26,69,,
RIDI,17,26,100,,
RHGCL,44,22,10,,
KLBSL,41,58,24,,
KLBSL,17,58,10,,
HDHPC,56,21,319,,
HDHPC,56,44,331,,
USHEC,49,25,10,,
RHGCL,44,3,10,,
SAHAS,3,49,10,,
NIL,11,51,10,,
API,20,45,10,,
API,6,45,100,,
API,41,45,23,,
RFPL,11,49,10,,
RHGCL,57,57,10,,
RHGCL,57,47,10,,
RHGCL,58,22,10,,
ULBSL,57,42,10,,
UMHL,25,58,50,,
UHEWA,34,52,10,,
UHEWA,3,58,10,,
USHEC,49,3,10,,
SGHC,52,29,10,,
CBBL,58,22,50,,
GBBL,21,57,52,,
GBBL,54,57,22,,
GBBL,32,57,81,,
RHGCL,58,22,10,,
JBBL,45,28,45,,
GUFL,20,34,168,,
NLICL,28,45,28,,
HDHPC,40,28,280,,
HDHPC,28,28,580,,
HDHPC,22,28,50,,
HDHPC,38,28,90,,
NICBF,43,7,100,,
RHGCL,58,22,10,,
SHIVM,42,26,31,,
MLBBL,43,39,95,,
MLBBL,47,39,10,,
MLBBL,38,39,100,,
MLBBL,17,39,20,,
RFPL,11,28,10,,
HDL,45,49,10,,
RHGCL,22,45,10,,
LBBL,32,42,500,,
AKJCL,41,28,50,,
AKJCL,58,28,10,,
AKJCL,21,28,50,,
AKJCL,58,28,400,,
AKJCL,49,28,15,,
AKJCL,21,28,1000,,
AKJCL,34,28,50,,
AKJCL,57,28,100,,
AKJCL,51,28,25,,
AKJCL,25,28,1000,,
AKJCL,17,28,500,,
RHGCL,22,22,10,,
NLG,3,3,1,,
RHGCL,22,51,10,,
BFC,5,42,200,,
AKJCL,57,25,500,,
AKJCL,38,25,10,,
AKJCL,54,25,80,,
AKJCL,57,25,20,,
CFCL,43,5,100,,
RHGCL,22,58,10,,
CIT,57,33,63,,
CIT,58,33,22,,
NIFRA,49,44,54,,
SGHC,52,29,10,,
SCB,56,17,20,,
NLIC,3,3,1,,
RHPL,11,58,50,,
NCCB,32,33,19,,
RHGCL,16,22,10,,
UPCL,44,48,90,,
HIDCL,52,45,590,,
HIDCL,34,45,15,,
HIDCL,38,45,20,,
HIDCL,34,45,10,,
HIDCL,48,45,100,,
HIDCL,58,45,80,,
HIDCL,14,45,100,,
HIDCL,49,45,300,,
HIDCL,4,45,650,,
HIDCL,56,45,250,,
HIDCL,52,45,1000,,
HIDCL,38,45,10,,
HIDCL,52,45,138,,
NTC,35,11,25,,
RHGCL,16,29,10,,
MHL,33,52,10,,
GUFL,20,5,10,,
RHGCL,57,22,10,,
RFPL,52,56,10,,
NLIC,38,39,50,,
PROFL,47,58,12,,
ADBL,53,36,10,,
USHEC,35,19,210,,
USHEC,50,19,20,,
USHEC,51,19,20,,
USHEC,41,19,40,,
USHEC,38,19,10,,
MHL,33,29,10,,
JBBL,34,28,200,,
NHDL,50,32,862,,
NHDL,11,32,38,,
NHDL,28,32,500,,
NHDL,49,32,100,,
NHDL,8,32,50,,
NHDL,44,32,50,,
NHDL,42,32,90,,
NHDL,20,32,500,,
NHDL,49,32,2000,,
NHDL,10,32,50,,
NHDL,29,32,100,,
NHDL,50,32,500,,
NHDL,58,32,10,,
NHDL,1,32,150,,
GILB,41,4,10,,
HDHPC,28,59,511,,
HDHPC,38,59,50,,
HDHPC,52,59,10,,
HDHPC,55,59,100,,
HDHPC,57,59,50,,
HDHPC,11,59,100,,
NHPC,34,39,100,,
RHGCL,57,22,10,,
RADHI,21,8,100,,
SGHC,49,45,10,,
NMB,50,50,4,,
NABIL,49,17,18,,
NESDO,40,51,10,,
HEI,46,21,48,,
HEI,50,21,52,,
SAHAS,11,58,10,,
NLIC,41,39,50,,
RULB,51,44,10,,
JBBL,45,28,200,,
SGHC,52,46,10,,
BHL,6,22,200,,
BHL,5,22,1000,,
BHL,45,22,30,,
BHL,57,22,150,,
RLFL,48,49,134,,
UHEWA,34,49,10,,
RHGCL,57,22,10,,
GLH,8,14,150,,
RHGCL,57,58,10,,
AKPL,58,36,40,,
AKPL,25,36,60,,
SWBBL,52,29,40,,
RIDI,7,26,160,,
NMFBS,13,34,10,,
UHEWA,3,29,10,,
KDBY,19,49,100,,
NIFRA,49,33,10,,
MHL,33,13,10,,
API,41,47,1427,,
API,46,47,50,,
API,49,47,40,,
API,38,47,100,,
API,40,47,50,,
API,3,47,200,,
API,35,47,100,,
API,10,47,500,,
API,32,47,13,,
API,19,47,300,,
API,54,47,50,,
API,17,47,100,,
API,6,47,10,,
API,47,47,100,,
API,26,47,99,,
API,20,47,300,,
API,40,47,500,,
RHGCL,57,22,10,,
API,59,47,40,,
API,34,47,100,,
API,41,47,250,,
API,58,47,100,,
API,53,47,200,,
API,54,47,500,,
API,19,47,300,,
API,56,47,200,,
API,36,47,10,,
API,57,47,661,,
API,25,47,100,,
NFS,17,45,10,,
NFS,6,45,100,,
NFS,8,45,200,,
USHEC,38,45,10,,
BHL,57,39,50,,
HIDCL,52,39,62,,
HIDCL,59,39,56,,
JALPA,47,44,30,,
HIDCL,42,39,10,,
HIDCL,55,39,312,,
HIDCL,29,39,100,,
ALICL,6,45,200,,
RADHI,21,21,100,,
NHDL,1,39,50,,
JBBL,58,28,55,,
UIC,45,49,169,,
UIC,59,49,100,,
RHGCL,57,47,10,,
RFPL,52,38,10,,
RHGCL,50,22,10,,
GVL,33,38,10,,
MNBBL,34,39,54,,
NLIC,43,39,200,,
NLIC,34,39,43,,
NLIC,42,39,50,,
HIDCL,55,25,185,,
HIDCL,48,25,70,,
NTC,49,28,80,,
MERO,32,52,19,,
RHGCL,59,22,10,,
CIT,58,39,10,,
CIT,40,39,20,,
CIT,29,39,10,,
CIT,58,39,10,,
NTC,49,58,100,,
NTC,49,58,300,,
HDL,42,49,10,,
HDL,32,49,20,,
HDL,43,49,50,,
HDL,49,49,10,,
HDL,38,49,10,,
HDL,47,49,10,,
HDL,53,49,10,,
HDL,34,49,25,,
HDL,38,49,20,,
HDL,34,49,20,,
HDL,55,49,13,,
RFPL,49,21,10,,
SHINE,42,58,100,,
BHDC,46,46,10,,
NHDL,20,39,500,,
NHDL,10,39,50,,
NHDL,39,39,100,,
NHDL,20,39,300,,
NESDO,33,58,10,,
RHGCL,59,22,10,,
UHEWA,34,8,10,,
HIDCL,48,57,30,,
SWMF,57,56,30,,
ADBL,53,50,89,,
RHGCL,59,52,10,,
RHGCL,35,22,10,,
RHGCL,35,22,10,,
MNBBL,34,45,101,,
MBL,32,34,1358,,
RHGCL,44,38,10,,
RHGCL,35,47,10,,
EBL,44,19,21,,
PCBL,17,22,30,,
NICSF,58,40,240,,
RHGCL,35,22,10,,
MBJC,41,49,13,,
ICFC,36,51,97,,
NCCB,4,33,72,,
NCCB,58,33,290,,
NCCB,59,33,28,,
NCCB,58,33,300,,
NCCB,32,33,50,,
NCCB,7,33,50,,
NCCB,17,33,1000,,
NCCB,58,33,175,,
NCCB,11,33,100,,
NCCB,11,33,100,,
NCCB,6,33,100,,
NCCB,56,33,112,,
NCCB,17,33,15,,
NCCB,49,33,500,,
NCCB,36,33,56,,
NCCB,7,33,50,,
NCCB,14,33,300,,
NCCB,1,33,500,,
NCCB,58,33,200,,
NCCB,33,33,25,,
NCCB,14,33,400,,
NCCB,57,33,707,,
MLBS,42,36,15,,
MBL,32,34,1000,,
NIBLPF,47,17,2005,,
KEF,58,6,1300,,
KEF,42,6,150,,
KEF,39,6,600,,
KEF,39,6,900,,
NICLBSL,3,58,100,,
RHGCL,35,25,10,,
HDL,56,4,25,,
HDL,58,4,10,,
HDL,21,4,10,,
HDL,39,4,100,,
HDL,51,4,10,,
HDL,14,4,10,,
HDL,22,4,24,,
HDL,57,4,19,,
HDL,57,4,10,,
HDL,34,4,10,,
HDL,11,4,10,,
HDL,34,4,14,,
HDL,34,4,35,,
HDL,17,4,10,,
JALPA,47,36,10,,
NTC,58,17,223,,
NTC,16,17,11,,
BHDC,50,16,500,,
UPPER,17,45,85,,
UPPER,17,51,15,,
PCBL,57,22,17,,
HIDCL,48,20,300,,
AHPC,33,58,200,,
RHGCL,35,47,10,,
NIFRA,41,13,100,,
MBJC,17,32,20,,
RADHI,48,52,50,,
LBL,45,49,10,,
LBL,49,49,10,,
NLIC,1,4,10,,
NLIC,21,4,11,,
NLIC,58,4,10,,
NLIC,57,4,21,,
NLIC,28,4,50,,
NLIC,42,4,10,,
NLIC,7,4,50,,
NLIC,45,4,10,,
NLIC,50,4,137,,
NLIC,1,4,30,,
NLIC,8,4,50,,
NLIC,42,4,70,,
NLIC,38,4,132,,
NLIC,58,4,25,,
NLIC,45,4,20,,
NLIC,3,4,15,,
NLIC,40,4,15,,
NLIC,11,4,20,,
NLIC,35,4,25,,
NLIC,42,4,10,,
NLIC,7,4,10,,
NLIC,57,4,20,,
NLIC,35,4,51,,
NLIC,36,4,10,,
NLIC,59,4,199,,
NLIC,50,4,100,,
NLIC,1,4,36,,
NLIC,26,4,18,,
NLIC,29,4,10,,
NLIC,37,4,500,,
NLIC,45,4,100,,
NLIC,58,4,30,,
NLIC,58,4,10,,
NLIC,34,4,50,,
NLIC,38,4,10,,
NLIC,6,4,200,,
NLIC,14,4,50,,
NLIC,58,4,10,,
NABIL,49,17,99,,
NABIL,49,19,100,,
NABIL,49,19,100,,
NABIL,49,58,161,,
NRN,25,16,10,,
MBJC,17,42,10,,
NBL,10,7,10,,
RHGCL,44,42,10,,
RHGCL,44,58,10,,
UPPER,17,58,295,,
RHGCL,35,47,10,,
MLBL,38,36,19,,
MLBL,45,36,105,,
GHL,57,32,65,,
GHL,46,32,185,,
RHGCL,35,35,10,,
GHL,41,32,100,,
SRBL,42,17,17,,
GHL,1,32,50,,
GHL,35,32,50,,
GHL,17,32,50,,
UMHL,11,58,100,,
UPCL,49,35,100,,
MHL,58,38,10,,
DHPL,29,56,160,,
HIDCL,48,7,72,,
HIDCL,48,19,28,,
UNHPL,50,34,10,,
MBL,32,34,19,,
SAHAS,19,33,392,,
AHPC,34,34,806,,
AHPC,56,34,24,,
AHPC,41,34,500,,
AHPC,34,34,150,,
AHPC,44,34,1000,,
AHPC,32,34,20,,
USHEC,38,42,10,,
UHEWA,34,38,10,,
SRBL,58,14,100,,
NLIC,21,4,96,,
NLIC,34,4,200,,
NLIC,44,4,703,,
NLIC,7,4,10,,
NLIC,25,4,10,,
NLIC,20,4,15,,
NLIC,57,4,50,,
UPPER,17,58,800,,
NLIC,10,4,20,,
UPPER,17,29,200,,
NLIC,33,4,10,,
NLIC,6,4,86,,
HBL,37,17,10,,
HBL,37,44,70,,
PRVU,58,13,10,,
PRVU,58,49,115,,
SAHAS,11,58,10,,
GVL,45,45,10,,
MNBBL,34,13,45,,
MNBBL,17,13,125,,
MNBBL,25,13,300,,
MNBBL,1,13,500,,
BHDC,28,47,303,,
BHDC,59,47,100,,
BHDC,36,47,50,,
BHDC,14,47,10,,
BHDC,38,47,1000,,
BHDC,22,47,57,,
BHDC,52,47,100,,
BHDC,50,47,1000,,
BHDC,21,47,20,,
NMB,33,8,12,,
NMB,51,8,10,,
RMDC,17,58,50,,
NIFRA,46,22,191,,
NIFRA,46,49,20,,
NIFRA,46,48,100,,
NIFRA,46,40,10,,
NIFRA,46,57,200,,
NIFRA,46,51,44,,
NIFRA,46,41,130,,
NIFRA,46,22,500,,
NIFRA,46,21,50,,
NIFRA,46,35,86,,
NIFRA,46,34,54,,
NIFRA,46,20,430,,
NIFRA,46,45,45,,
NIFRA,46,19,64,,
NIFRA,46,41,64,,
NIFRA,46,26,12,,
MBJC,17,56,10,,
NHPC,44,39,17,,
RURU,7,58,13,,
SAPDBL,55,51,500,,
SAPDBL,41,51,100,,
NGPL,44,59,1000,,
CHCL,45,20,100,,
NICSF,14,6,2900,,
NMFBS,45,57,14,,
NMFBS,45,57,20,,
NMFBS,44,57,20,,
RHGCL,35,59,10,,
JALPA,16,56,10,,
ADBL,58,14,31,,
NTC,16,53,50,,
RHGCL,25,14,10,,
RHGCL,25,58,10,,
RHGCL,25,38,10,,
RHGCL,25,58,10,,
RHGCL,25,7,10,,
RHGCL,25,58,10,,
RHGCL,25,52,10,,
RHGCL,25,49,10,,
RHGCL,25,40,10,,
RHGCL,25,3,10,,
RHGCL,25,59,10,,
RHGCL,25,43,54,,
NLIC,6,34,414,,
NLIC,57,34,45,,
UMHL,38,42,370,,
NBF3,38,7,200,,
RHGCL,38,43,100,,
KMCDB,49,18,11,,
BHL,57,56,10,,
RHGCL,35,58,10,,
UNHPL,58,34,250,,
LEMF,17,17,1385,,
UHEWA,34,45,10,,
NUBL,49,26,20,,
MHL,40,58,10,,
RSDC,29,17,200,,
NFS,21,45,13,,
NFS,43,45,200,,
NFS,45,45,500,,
NFS,49,45,300,,
RBCL,16,33,10,,
NFS,7,45,25,,
NFS,42,45,200,,
NFS,48,45,30,,
SJCL,36,22,854,,
CMF1,19,1,100,,
NHPC,4,39,74,,
MBJC,17,47,10,,
SFCL,32,28,10,,
NICLBSL,3,34,10,,
MHL,40,45,114,,
MHL,52,45,20,,
MHL,59,45,90,,
MHL,56,45,10,,
MHL,39,45,100,,
MHL,3,45,10,,
SLBBL,13,35,20,,
MLBL,28,36,200,,
GVL,51,47,10,,
HDL,55,10,20,,
BFC,5,49,53,,
UMRH,36,45,100,,
UMRH,1,45,40,,
UMRH,55,45,30,,
RHGCL,44,43,21,,
RHGCL,44,42,10,,
RHGCL,44,16,10,,
RHGCL,44,58,10,,
RHGCL,44,43,39,,
RHGCL,44,38,10,,
NMFBS,44,57,80,,
NMFBS,57,57,40,,
NMFBS,48,57,20,,
NMFBS,38,57,10,,
NMFBS,57,57,10,,
NMFBS,26,57,20,,
NMFBS,35,57,10,,
NMFBS,58,57,10,,
GVL,51,22,20,,
PROFL,47,16,93,,
PROFL,19,16,200,,
PROFL,14,16,12,,
PROFL,14,16,135,,
PROFL,17,16,10,,
CIT,53,25,50,,
NLIC,48,34,20,,
NTC,16,16,10,,
NLIC,36,13,20,,
NLIC,53,13,50,,
NLIC,55,13,15,,
NLIC,41,13,20,,
NLIC,50,13,50,,
BHL,57,58,190,,
RHGCL,8,58,10,,
SHL,59,58,2000,,
MFIL,49,49,50,,
SWMF,14,56,54,,
PCBL,42,26,15,,
NICA,58,54,20,,
RHGCL,45,21,10,,
HHL,55,57,10,,
TRH,34,44,40,,
HDHPC,28,32,3909,,
HDHPC,57,32,50,,
HDHPC,46,32,330,,
HDHPC,34,32,45,,
HDHPC,39,32,100,,
HDHPC,40,32,100,,
HDHPC,41,32,100,,
HDHPC,42,32,25,,
HDHPC,42,32,250,,
HDHPC,14,32,400,,
HDHPC,45,32,100,,
HDHPC,28,32,200,,
HDHPC,57,32,50,,
HDHPC,53,32,200,,
HDHPC,34,32,10,,
HDHPC,43,32,2200,,
HDHPC,25,32,265,,
HDHPC,35,32,90,,
HDHPC,48,32,100,,
HDHPC,1,32,200,,
HDHPC,32,32,20,,
HDHPC,22,32,200,,
HDHPC,46,32,148,,
HDHPC,22,32,500,,
HDHPC,41,32,20,,
HDHPC,49,32,600,,
HDHPC,43,32,100,,
HDHPC,35,32,200,,
HDHPC,47,32,50,,
HDHPC,33,32,100,,
HDHPC,21,32,150,,
HDHPC,14,32,100,,
HDHPC,5,32,1088,,
NTC,35,28,25,,
AKPL,25,45,240,,
AKPL,6,45,200,,
AKPL,14,45,50,,
AKPL,40,45,10,,
RHGCL,58,33,10,,
CMF1,19,48,1500,,
API,57,7,339,,
API,6,7,200,,
API,53,7,114,,
API,34,7,16,,
API,52,7,50,,
API,58,7,50,,
API,35,7,50,,
API,11,7,81,,
NCCB,4,25,228,,
NCCB,41,25,272,,
NCCB,45,25,500,,
NFS,41,45,100,,
NGPL,44,50,160,,
BHL,6,58,150,,
GUFL,32,5,50,,
UMHL,34,42,200,,
LBBL,3,42,50,,
NLIC,53,34,10,,
RHGCL,53,51,10,,
LBL,49,7,40,,
SADBL,28,35,140,,
SADBL,46,35,160,,
SADBL,46,35,200,,
RHGCL,58,33,10,,
RHGCL,58,46,10,,
KBL,29,55,282,,
KBL,42,55,10,,
KBL,59,55,20,,
KBL,42,55,30,,
KBL,5,55,158,,
AKPL,14,49,20,,
SBL,42,49,11,,
SBL,48,49,300,,
SBL,13,49,50,,
SBL,5,49,50,,
SBL,58,49,10,,
SBL,5,49,30,,
SBL,22,49,60,,
MBJC,17,49,10,,
SBL,49,49,32,,
SBL,47,49,599,,
SABSL,55,44,64,,
SABSL,38,44,20,,
SABSL,37,44,26,,
SABSL,35,44,100,,
PROFL,57,26,100,,
RHGCL,58,49,10,,
SHEL,28,56,10,,
NLIC,51,34,97,,
MBJC,17,49,10,,
NYADI,11,16,10,,
NMB50,25,45,400,,
NICA,21,44,55,,
NMFBS,49,57,10,,
NMFBS,26,57,52,,
HDHPC,49,44,100,,
SWMF,33,56,10,,
FMDBL,36,49,300,,
FMDBL,42,49,30,,
HDHPC,5,40,150,,
HDHPC,58,40,50,,
NYADI,4,56,10,,
NFS,4,45,20,,
NFS,1,45,95,,
GLH,58,34,10,,
NIFRA,49,38,16,,
RHGCL,58,33,10,,
NESDO,28,49,10,,
CHCL,45,20,90,,
CHCL,47,20,50,,
RHGCL,58,42,10,,
HIDCL,55,49,203,,
HIDCL,38,49,352,,
HIDCL,20,49,15,,
HIDCL,39,49,172,,
HIDCL,1,49,100,,
HIDCL,55,49,22,,
LEMF,49,17,115,,
SFCL,5,40,10,,
SFCL,49,40,225,,
NHPC,4,46,146,,
NLIC,45,34,14,,
NLIC,51,34,76,,
CHDC,58,34,70,,
RFPL,26,58,10,,
JALPA,40,7,10,,
RHGCL,58,33,10,,
JBBL,8,40,300,,
UPCL,26,48,20,,
RFPL,49,34,10,,
RFPL,49,16,10,,
RFPL,49,49,10,,
RHGCL,58,56,10,,
SHEL,28,59,100,,
USHEC,38,58,80,,
USHEC,43,58,10,,
USHEC,56,58,10,,
RHGCL,58,55,10,,
MBJC,17,42,10,,
KSBBL,49,7,10,,
SGHC,11,48,10,,
SGHC,11,58,10,,
MBL,58,34,200,,
RFPL,49,32,10,,
GVL,51,56,10,,
UHEWA,19,11,10,,
AKPL,33,49,30,,
AKPL,57,49,3386,,
GHL,57,22,10,,
GHL,35,22,50,,
SHEL,28,44,358,,
SHEL,8,44,10,,
SHEL,57,44,22,,
SHEL,22,44,30,,
NLBBL,36,58,18,,
NLBBL,45,58,25,,
NLBBL,26,58,20,,
NLBBL,45,58,50,,
NLBBL,56,58,20,,
HHL,55,21,10,,
KEF,43,6,4800,,
RHGCL,58,33,10,,
ALICL,20,58,10,,
NICA,53,44,10,,
UPPER,55,45,90,,
UPPER,20,45,10,,
BHDC,22,59,43,,
BHDC,43,59,70,,
BHDC,25,59,50,,
BHDC,14,59,50,,
BHDC,45,59,70,,
BHDC,28,59,100,,
BHDC,34,59,20,,
BHDC,28,59,50,,
BHDC,42,59,27,,
BHDC,58,59,10,,
BHDC,28,59,30,,
BHDC,50,59,860,,
BHDC,28,59,20,,
BHDC,21,59,10,,
BHDC,21,21,10,,
CHDC,26,34,100,,
JOSHI,57,50,395,,
JOSHI,34,50,25,,
SHPC,5,49,10,,
GUFL,56,34,10,,
GUFL,28,34,50,,
API,11,14,19,,
API,43,14,181,,
ADBL,38,19,50,,
UMRH,55,3,20,,
UMRH,34,3,20,,
UMRH,26,3,500,,
UMRH,35,3,90,,
HIDCL,21,55,250,,
HIDCL,1,55,134,,
LEMF,26,17,7500,,
NMFBS,26,39,48,,
NMFBS,39,39,10,,
MFIL,42,49,136,,
MFIL,58,49,14,,
NUBL,49,49,30,,
RHGCL,53,49,10,,
NUBL,34,49,20,,
RHGCL,53,38,10,,
BHL,6,49,10,,
RIDI,45,17,87,,
RIDI,26,17,16,,
RIDI,58,17,15,,
RIDI,4,17,182,,
SHL,58,33,760,,
SHL,45,33,200,,
PPCL,34,16,150,,
AKPL,57,19,500,,
NMFBS,39,57,190,,
NMFBS,43,57,10,,
API,43,36,110,,
API,48,36,100,,
KBL,54,45,75,,
UMHL,26,7,40,,
RHGCL,53,33,10,,
MBJC,17,56,10,,
KSBBL,53,58,10,,
BHL,6,38,10,,
RMDC,5,56,160,,
RMDC,16,56,10,,
KRBL,8,7,20,,
RHGCL,53,38,10,,
GUFL,41,34,70,,
CGH,10,44,10,,
FOWAD,17,44,10,,
FOWAD,58,44,10,,
JALPA,51,45,140,,
GMFIL,40,34,179,,
GMFIL,41,34,300,,
GMFIL,14,34,318,,
PCBL,56,26,300,,
DORDI,4,17,31,,
DORDI,41,17,30,,
DORDI,34,17,19,,
DORDI,34,17,120,,
SHL,57,33,300,,
BBC,38,8,21,,
BBC,34,8,40,,
BBC,39,8,10,,
BBC,37,8,29,,
RHGCL,53,33,10,,
FOWAD,57,45,60,,
UHEWA,19,38,10,,
SRBL,58,55,175,,
GFCL,34,11,40,,
ENL,17,1,10,,
AKPL,57,48,100,,
SHL,57,33,700,,
JALPA,51,17,10,,
SGHC,58,14,10,,
MLBL,45,36,56,,
NABIL,57,32,53,,
NABIL,34,32,20,,
NABIL,57,32,27,,
MHNL,47,44,30,,
UHEWA,50,49,10,,
UHEWA,50,45,10,,
UHEWA,50,21,10,,
UHEWA,50,49,10,,
UHEWA,50,49,10,,
UHEWA,50,58,10,,
UHEWA,50,59,10,,
UHEWA,50,16,10,,
UHEWA,50,42,10,,
UHEWA,50,58,10,,
UHEWA,50,19,10,,
UHEWA,50,58,10,,
UHEWA,50,21,10,,
UHEWA,50,55,10,,
UHEWA,50,11,10,,
UHEWA,50,11,10,,
FOWAD,10,45,30,,
UHEWA,50,58,10,,
UHEWA,50,35,10,,
UHEWA,50,54,10,,
RHGCL,38,33,10,,
SPC,58,47,10,,
MHL,3,49,10,,
RHGCL,38,49,10,,
MMF1,33,47,100,,
GUFL,41,11,30,,
GUFL,35,11,10,,
HIDCL,57,7,14,,
HDHPC,5,40,262,,
HDHPC,7,40,100,,
HDHPC,14,40,50,,
HDHPC,45,40,100,,
HDHPC,39,40,50,,
HDHPC,19,40,20,,
HDHPC,22,40,100,,
HDHPC,49,40,60,,
HDHPC,4,40,200,,
HDHPC,14,40,500,,
HDHPC,58,40,16,,
HDHPC,32,40,500,,
HDHPC,59,40,30,,
HDHPC,48,40,150,,
HDHPC,50,40,57,,
HDHPC,33,40,500,,
HDHPC,57,40,100,,
HDHPC,49,40,100,,
HDHPC,41,40,100,,
HDHPC,11,40,200,,
HDHPC,41,40,200,,
HDHPC,6,40,100,,
HDHPC,34,40,230,,
HDHPC,13,40,20,,
HDHPC,47,40,100,,
HDHPC,17,40,1500,,
BHL,6,58,10,,
HDHPC,33,40,500,,
HDHPC,45,40,500,,
HDHPC,3,40,50,,
HDHPC,44,40,15,,
HDHPC,59,40,100,,
HDHPC,37,40,210,,
HDHPC,56,40,100,,
HDHPC,14,40,200,,
HDHPC,6,40,50,,
HDHPC,5,40,200,,
HDHPC,34,40,10,,
HDHPC,43,40,1000,,
HDHPC,41,40,100,,
HDHPC,47,40,100,,
HDHPC,17,40,50,,
HDHPC,51,40,10,,
HDHPC,7,40,500,,
KDBY,19,4,100,,
SLCF,59,17,800,,
RHGCL,34,33,10,,
UPPER,20,58,90,,
UPPER,6,58,20,,
UPPER,49,58,10,,
UPPER,37,58,10,,
UPPER,19,58,100,,
UPPER,58,58,10,,
UPPER,59,58,100,,
UPPER,1,58,100,,
UPPER,29,58,500,,
UPPER,17,58,10,,
UPPER,57,58,50,,
PRVU,58,13,57,,
KBL,49,58,100,,
KBL,29,58,20,,
BHDC,28,21,10,,
HDHPC,49,44,100,,
HDHPC,35,44,300,,
HDHPC,10,44,100,,
HDHPC,57,44,500,,
HDHPC,43,44,152,,
BHDC,28,33,10,,
UNHPL,32,34,100,,
MHL,57,34,10,,
UNHPL,17,34,40,,
RHGCL,25,43,29,,
RHGCL,25,22,10,,
RHGCL,25,21,10,,
MHNL,47,44,120,,
RHGCL,25,35,10,,
MHNL,52,44,200,,
MHNL,33,44,100,,
RURU,7,58,10,,
RHGCL,38,57,10,,
RHGCL,34,33,10,,
HIDCL,58,7,11,,
SINDU,20,4,100,,
NGPL,49,50,40,,
RIDI,4,36,100,,
RHGCL,34,58,10,,
HIDCL,1,58,16,,
SJCL,36,49,646,,
SJCL,57,49,100,,
SJCL,47,49,100,,
SJCL,3,49,50,,
SJCL,49,49,400,,
SJCL,34,49,25,,
SJCL,39,49,200,,
SJCL,32,49,70,,
SJCL,13,49,70,,
JBBL,50,49,51,,
SAHAS,19,47,10,,
BHDC,28,13,10,,
SFMF,48,55,2000,,
NABIL,57,11,40,,
NABIL,41,11,30,,
RHGCL,34,52,10,,
NMFBS,25,39,42,,
RHGCL,34,33,10,,
GVL,16,56,10,,
EBL,59,39,500,,
NYADI,4,58,33,,
USHEC,56,58,10,,
NYADI,52,58,67,,
AHPC,40,58,260,,
MFIL,58,49,10,,
MFIL,54,49,17,,
MFIL,34,49,51,,
MFIL,8,49,100,,
MFIL,58,49,63,,
NGPL,44,59,269,,
NGPL,17,59,156,,
NGPL,55,59,50,,
NGPL,4,59,415,,
NGPL,45,59,100,,
NGPL,58,59,10,,
UNHPL,22,34,100,,
RSDC,29,26,81,,
NIFRA,49,43,50,,
API,22,16,50,,
API,42,16,85,,
API,54,16,100,,
API,42,16,11,,
JBLB,58,33,10,,
UPPER,14,58,10,,
GFCL,33,45,47,,
GFCL,57,45,30,,
GFCL,11,45,100,,
GFCL,3,45,483,,
GFCL,25,45,25,,
GFCL,57,45,20,,
SINDU,46,4,300,,
RHGCL,34,49,10,,
NBL,56,38,10,,
CHDC,21,34,10,,
UPPER,58,1,17,,
MFIL,58,25,100,,
GRDBL,22,7,40,,
FOWAD,7,45,10,,
RHGCL,34,22,10,,
HDHPC,40,44,10,,
NTC,16,49,325,,
NTC,38,49,20,,
NTC,4,49,500,,
NTC,58,49,100,,
NABIL,49,58,10,,
NTC,58,49,55,,
RULB,34,34,10,,
SLBBL,45,35,10,,
NHPC,58,49,21,,
EDBL,56,22,15,,
NMFBS,25,39,18,,
NMFBS,26,39,20,,
NMFBS,49,39,20,,
NMFBS,35,39,10,,
NMFBS,47,39,12,,
NMFBS,49,39,10,,
NMFBS,35,39,10,,
JFL,19,40,100,,
MNBBL,58,32,10,,
RHGCL,34,42,10,,
MERO,47,57,20,,
AKPL,57,16,50,,
NICL,17,8,100,,
NICL,47,8,100,,
SRBL,58,42,55,,
MFIL,58,6,15,,
GVL,16,58,10,,
JALPA,45,57,30,,
JALPA,20,57,10,,
JALPA,51,57,90,,
SWMF,57,54,10,,
SWMF,57,35,50,,
RHGCL,34,58,10,,
AHPC,48,58,50,,
AHPC,28,58,146,,
AHPC,58,58,100,,
NYADI,35,16,10,,
ALICL,54,8,14,,
ALICL,58,8,100,,
ALICL,44,8,586,,
ALICL,50,8,200,,
UMHL,45,14,50,,
UMHL,45,59,30,,
NLIC,4,13,100,,
AKPL,57,25,550,,
NCCB,59,43,50,,
AKPL,57,16,200,,
RFPL,26,21,10,,
JALPA,51,29,50,,
RHGCL,34,56,10,,
RHPL,11,52,118,,
RHPL,50,52,50,,
RHPL,34,52,30,,
MBJC,17,56,10,,
NBL,10,41,100,,
RSDC,29,17,190,,
RSDC,50,17,10,,
RHGCL,34,32,10,,
RIDI,17,22,100,,
NABIL,34,58,25,,
MFIL,58,28,312,,
MFIL,44,28,100,,
MFIL,58,28,13,,
MFIL,45,28,15,,
MFIL,57,28,50,,
MFIL,36,28,10,,
RHGCL,34,58,10,,
KEF,43,58,200,,
SPC,39,19,10,,
RHGCL,34,47,10,,
SHIVM,25,44,10,,
SBL,47,34,80,,
SAHAS,19,38,10,,
NIFRA,22,49,4,,
MNBBL,53,32,25,,
UHEWA,19,58,10,,
NABIL,42,58,107,,
NABIL,42,8,30,,
NABIL,42,19,150,,
RHGCL,34,51,10,,
RHGCL,34,32,10,,
NCCB,58,22,500,,
NCCB,58,22,170,,
CORBL,54,55,50,,
USHEC,43,6,10,,
BHL,6,58,10,,
RHGCL,34,32,10,,
RHGCL,34,58,10,,
AKPL,57,44,414,,
AKPL,1,44,500,,
AKPL,1,44,200,,
AKPL,34,44,93,,
AKPL,32,44,50,,
AKPL,39,44,43,,
NIBSF2,49,44,100,,
NBL,10,50,90,,
UPCL,37,38,11,,
USHEC,43,49,10,,
SBL,47,14,321,,
SBL,17,14,30,,
SBL,55,14,50,,
SBL,45,14,10,,
SBL,19,14,400,,
SBL,58,14,26,,
SBL,32,14,20,,
SBL,51,14,50,,
SBL,8,14,100,,
GUFL,58,58,110,,
SBL,47,14,208,,
GUFL,55,58,20,,
SBL,33,14,50,,
GUFL,50,58,50,,
SBL,32,14,20,,
SBL,22,14,100,,
SBL,55,14,100,,
SBL,49,14,15,,
KMCDB,53,38,13,,
PSF,47,48,10000,,
PSF,47,48,10000,,
NIBLPF,56,17,1000,,
NIBLPF,17,17,2000,,
MERO,47,57,11,,
JBLB,39,38,13,,
RHGCL,34,58,10,,
NHPC,58,49,1000,,
RHGCL,34,58,10,,
SBL,1,34,20,,
BBC,37,21,11,,
DORDI,58,32,10,,
UHEWA,19,52,10,,
NIFRA,47,14,21,,
SMATA,42,17,20,,
SMATA,1,17,10,,
LEC,35,16,280,,
RHGCL,34,32,10,,
HIDCL,52,10,110,,
AKPL,14,19,30,,
SDLBSL,25,36,10,,
RHGCL,34,21,10,,
HHL,19,58,10,,
HEI,50,28,14,,
ADBL,32,14,15,,
ADBL,58,14,35,,
AKPL,14,19,36,,
NIBLPF,17,17,3000,,
GBBL,32,26,19,,
UPCL,37,49,150,,
UPCL,37,49,140,,
LBL,35,6,236,,
LBL,35,59,20,,
RHGCL,34,32,10,,
RFPL,26,52,10,,
RHGCL,57,42,10,,
RHGCL,57,58,10,,
UHEWA,36,36,10,,
AKPL,42,19,100,,
RHGCL,34,26,10,,
USHEC,7,14,10,,
SHPC,43,14,19,,
BFC,8,57,40,,
UPCL,19,49,100,,
HEI,50,21,34,,
PCBL,57,14,46,,
UHEWA,36,16,10,,
RHGCL,34,32,10,,
RHGCL,35,56,10,,
NIBLPF,10,17,375,,
RHGCL,35,36,10,,
USHEC,7,6,10,,
MBJC,17,34,10,,
BHL,39,14,10,,
SGHC,49,58,10,,
UHEWA,19,49,10,,
SINDU,43,4,200,,
LEC,35,16,720,,
LEC,18,16,100,,
LEC,37,16,100,,
LEC,37,16,80,,
MHL,57,22,10,,
GVL,16,42,10,,
RHGCL,35,6,10,,
AKPL,33,19,100,,
PFL,48,58,12,,
PSF,43,48,5000,,
NIFRA,1,1,24,,
NESDO,49,32,10,,
RHGCL,35,58,10,,
SGHC,49,58,10,,
SGHC,49,42,10,,
SGHC,49,29,10,,
SGHC,49,58,10,,
SGHC,49,42,10,,
SGHC,49,33,10,,
SGHC,49,26,10,,
SGHC,49,49,10,,
RHGCL,35,56,10,,
SADBL,46,53,50,,
RHGCL,35,36,10,,
SHIVM,49,7,10,,
CBBL,57,34,10,,
GVL,16,42,10,,
NCCB,49,55,180,,
ENL,52,14,10,,
RFPL,26,29,10,,
RHGCL,35,45,10,,
RHPL,46,46,8,,
USHEC,7,7,10,,
NBL,10,56,300,,
SGHC,49,58,10,,
SGHC,49,22,10,,
UPCL,42,10,250,,
UPCL,42,10,50,,
UPCL,37,10,100,,
RURU,7,38,30,,
RHGCL,35,56,10,,
CORBL,49,45,200,,
HDHPC,35,44,37,,
HDHPC,45,44,10,,
KBL,58,45,98,,
SGHC,49,40,10,,
NABIL,49,19,220,,
RHGCL,35,49,10,,
KPCL,50,28,10,,
KBL,38,45,200,,
PSF,10,48,4600,,
HIDCL,58,10,10,,
USHEC,7,38,10,,
RHGCL,35,39,10,,
CIT,57,16,17,,
CIT,21,16,10,,
CIT,48,16,50,,
CIT,57,16,10,,
CIT,28,16,10,,
CIT,47,16,50,,
CIT,32,16,13,,
CIT,7,16,30,,
CIT,10,16,10,,
JALPA,45,50,10,,
JALPA,50,50,10,,
MHL,57,29,10,,
DORDI,34,36,10,,
UMHL,38,48,66,,
UMHL,52,48,100,,
UMHL,45,48,334,,
RHPL,34,26,30,,
RHPL,55,26,11,,
NICLBSL,46,46,1,,
NMB,33,14,37,,
NMB,38,14,10,,
UHEWA,19,49,10,,
NIBLPF,10,17,3000,,
UHEWA,19,7,10,,
NCCB,49,55,1000,,
NTC,49,58,176,,
NTC,49,28,10,,
NTC,49,25,20,,
NTC,49,45,294,,
CGH,6,33,40,,
GVL,16,42,10,,
SGHC,52,16,200,,
UPCL,58,49,50,,
NRIC,25,47,32,,
NRIC,58,47,168,,
NABIL,45,19,13,,
NIFRA,41,1,20,,
RHGCL,57,29,10,,
JALPA,38,50,10,,
JALPA,47,50,10,,
JALPA,16,50,10,,
RFPL,26,49,10,,
PCBL,58,26,30,,
PCBL,29,26,50,,
PCBL,25,26,50,,
PCBL,14,26,100,,
RADHI,58,53,100,,
MLBL,28,45,200,,
ENL,51,44,25,,
SBL,58,43,30,,
BNHC,57,49,10,,
BHDC,28,8,10,,
ICFC,36,32,130,,
ICFC,51,32,70,,
SGHC,52,7,10,,
RHGCL,57,42,10,,
UPCL,19,49,400,,
RHGCL,57,58,10,,
RHGCL,41,43,87,,
NIFRA,58,1,10,,
RFPL,26,40,10,,
ADBL,25,6,30,,
NABIL,41,51,10,,
NRN,58,26,10,,
RHGCL,57,58,10,,
UHEWA,44,58,10,,
UHEWA,44,41,10,,
RFPL,26,49,10,,
RHGCL,57,36,10,,
PCBL,35,44,40,,
UPCL,58,49,130,,
NHDL,50,10,20,,
NRIC,58,26,46,,
HDL,34,16,65,,
HDL,57,16,10,,
HDL,58,16,10,,
RHGCL,57,8,10,,
FOWAD,58,47,20,,
RHGCL,57,58,10,,
AKPL,51,58,20,,
MPFL,46,46,4,,
RIDI,4,58,400,,
GILB,14,4,10,,
GLH,58,58,35,,
UPCL,42,10,101,,
PCBL,10,22,196,,
PCBL,48,22,25,,
PCBL,41,22,100,,
PCBL,3,22,50,,
PCBL,32,22,30,,
PCBL,45,22,100,,
PCBL,32,22,150,,
PCBL,42,22,20,,
PCBL,41,22,59,,
USHEC,7,1,10,,
SGHC,52,7,10,,
NMFBS,47,26,10,,
UPCL,19,49,150,,
BHDC,28,8,10,,
EBL,58,39,10,,
RFPL,26,36,10,,
HDL,37,16,10,,
HDL,37,16,30,,
HDL,56,16,10,,
HDL,26,16,20,,
HDL,47,16,10,,
HDL,26,16,10,,
HDL,11,16,10,,
RHGCL,35,29,10,,
NLG,55,28,43,,
NLG,1,28,20,,
NLG,38,28,30,,
NLG,48,28,107,,
RHGCL,49,21,10,,
UHEWA,44,34,10,,
NLIC,51,42,50,,
NBL,42,38,15,,
NBL,42,21,10,,
SRBL,32,58,250,,
GILB,14,4,90,,
NIFRA,17,26,42,,
SFMF,59,55,1000,,
API,42,47,39,,
API,49,47,35,,
API,42,47,26,,
RHGCL,58,36,10,,
IGI,34,58,63,,
FOWAD,49,47,10,,
JBBL,41,49,300,,
JBBL,43,49,50,,
JBBL,4,49,14,,
JBBL,41,49,200,,
JBBL,3,49,50,,
JBBL,5,49,50,,
JBBL,51,49,50,,
JBBL,6,49,100,,
JBBL,52,49,30,,
JBBL,57,49,20,,
JBBL,45,49,200,,
JBBL,51,49,170,,
JBBL,22,49,68,,
JBBL,3,49,100,,
JBBL,46,49,500,,
JBBL,46,49,100,,
JBBL,38,49,50,,
JBBL,47,49,100,,
JBBL,22,49,100,,
JBBL,22,49,300,,
JBBL,44,49,40,,
JBBL,29,49,441,,
JBBL,26,49,200,,
JBBL,13,49,45,,
JBBL,26,49,100,,
JBBL,42,49,100,,
JBBL,57,49,2000,,
USHEC,7,42,10,,
JBBL,32,49,200,,
JBBL,51,49,10,,
JBBL,13,49,400,,
JBBL,48,49,335,,
JBBL,34,49,20,,
JBBL,45,49,200,,
JBBL,34,49,100,,
JBBL,34,49,100,,
JBBL,34,49,100,,
MNBBL,57,20,15,,
NHPC,48,16,120,,
NHPC,58,16,50,,
UHEWA,44,32,10,,
NCCB,57,55,20,,
SPC,48,45,50,,
MBJC,17,39,10,,
MBJC,17,21,10,,
RHGCL,8,32,10,,
NICLBSL,49,26,10,,
RHGCL,58,21,10,,
NHPC,32,49,1000,,
UHEWA,44,29,10,,
ALICL,47,45,100,,
HHL,19,7,10,,
SRBL,34,20,10,,
RHGCL,45,49,10,,
RHGCL,57,35,10,,
SGHC,52,8,10,,
DORDI,29,8,10,,
UPCL,38,49,500,,
UPCL,39,49,100,,
UPCL,56,49,200,,
UPCL,29,49,200,,
UPCL,4,49,30,,
RHGCL,45,21,10,,
RHGCL,45,56,10,,
RHGCL,45,17,10,,
MBJC,39,58,10,,
SFCL,49,58,78,,
SWBBL,44,29,20,,
SWBBL,57,29,79,,
SWBBL,57,29,70,,
NTC,21,45,206,,
NTC,21,28,10,,
NTC,21,29,12,,
NTC,21,25,30,,
GVL,16,8,10,,
ILBS,14,26,16,,
GILB,42,4,10,,
RHGCL,45,29,10,,
DORDI,34,38,10,,
RHGCL,45,46,10,,
SHINE,42,47,100,,
NIFRA,17,49,28,,
NIFRA,22,49,36,,
RHGCL,45,21,10,,
RHGCL,45,57,10,,
RHGCL,45,48,10,,
RHGCL,55,34,10,,
NABIL,58,19,25,,
MHL,57,52,10,,
ICFC,36,58,73,,
ICFC,38,58,50,,
ICFC,47,58,10,,
ICFC,45,58,10,,
GHL,34,29,30,,
RHGCL,55,49,10,,
SPDL,51,52,20,,
SPDL,51,58,20,,
GILB,32,4,19,,
GILB,45,4,28,,
BARUN,34,33,10,,
DORDI,58,56,10,,
DORDI,58,34,10,,
NICA,59,49,485,,
NICA,34,49,15,,
USHEC,7,3,10,,
API,11,34,100,,
BHL,39,57,10,,
RHGCL,55,39,10,,
UHEWA,44,1,10,,
RHGCL,55,21,10,,
SGHC,47,16,81,,
SGHC,48,16,100,,
SGHC,58,16,19,,
SGHC,20,29,10,,
HHL,50,57,10,,
GLH,58,26,10,,
HURJA,57,56,500,,
RHGCL,55,22,10,,
MNBBL,56,20,15,,
NRIC,58,41,19,,
RHGCL,55,14,10,,
RHGCL,45,43,50,,
RHGCL,45,8,10,,
RHGCL,45,58,10,,
RHGCL,45,45,10,,
RHGCL,45,58,10,,
RHGCL,45,46,10,,
RHGCL,45,16,10,,
RHGCL,45,57,10,,
RHGCL,55,3,10,,
NTC,57,44,12,,
GILB,45,26,12,,
UHEWA,44,49,10,,
NHPC,25,49,25,,
RHGCL,55,39,10,,
PCBL,56,44,10,,
HHL,50,58,10,,
RHGCL,55,21,10,,
RHGCL,55,3,10,,
CIT,59,33,100,,
UPCL,19,10,50,,
UPCL,44,10,149,,
EDBL,49,49,216,,
EDBL,57,49,150,,
EDBL,43,49,210,,
EDBL,57,49,150,,
CGH,17,1,10,,
RHGCL,55,29,10,,
NABIL,57,3,13,,
NABIL,35,3,50,,
NABIL,42,3,37,,
HHL,7,58,10,,
RHGCL,36,3,10,,
PCBL,41,58,41,,
PCBL,3,58,50,,
PCBL,51,58,15,,
PCBL,34,58,10,,
RHGCL,36,29,10,,
LICN,5,28,40,,
LICN,11,28,35,,
LICN,57,28,50,,
NICA,57,44,27,,
NICA,57,47,22,,
RHGCL,36,21,10,,
RHGCL,36,3,10,,
PSF,10,56,400,,
PSF,57,56,300,,
PSF,56,56,300,,
RHGCL,36,41,10,,
UHEWA,44,58,10,,
UPCL,3,10,100,,
NBL,33,25,100,,
GUFL,4,34,36,,
NESDO,49,47,20,,
UHEWA,44,22,10,,
RHGCL,36,3,10,,
UHEWA,44,32,10,,
RHGCL,36,46,10,,
NESDO,41,1,10,,
SCB,17,14,80,,
BHL,42,58,10,,
RHGCL,36,3,10,,
NBF3,33,34,200,,
DORDI,58,49,10,,
BARUN,58,33,10,,
RHGCL,36,29,10,,
RHGCL,36,34,10,,
UPCL,22,10,200,,
HHL,7,58,10,,
NIFRA,34,41,10,,
CORBL,49,55,20,,
GMFIL,1,34,350,,
MBL,34,14,125,,
MBL,33,14,50,,
MBL,58,14,10,,
MBL,19,14,500,,
GBBL,49,45,100,,
SBL,46,17,11,,
BFC,44,28,220,,
BFC,5,28,380,,
IGI,6,58,100,,
IGI,49,58,50,,
IGI,54,58,50,,
IGI,7,58,500,,
IGI,22,58,100,,
IGI,58,58,20,,
IGI,14,58,57,,
IGI,19,58,60,,
PCBL,14,22,230,,
PCBL,3,22,10,,
RHGCL,36,21,10,,
SJCL,13,32,20,,
RHGCL,36,38,10,,
NESDO,57,47,100,,
KSBBL,45,16,500,,
SFCL,49,33,197,,
SFCL,38,33,200,,
NTC,21,53,40,,
RFPL,26,58,10,,
GHL,25,29,500,,
IGI,7,13,93,,
API,19,34,100,,
RHGCL,36,34,10,,
NUBL,35,14,20,,
NUBL,35,14,10,,
NUBL,35,14,59,,
NUBL,38,14,10,,
IGI,19,58,940,,
IGI,46,58,60,,
MNBBL,46,20,12,,
MNBBL,46,58,10,,
API,3,58,14,,
HHL,7,58,10,,
ALBSL,38,26,10,,
RIDI,4,34,50,,
RIDI,4,48,268,,
MLBL,51,16,11,,
SGHC,21,16,150,,
SGHC,57,16,11,,
SGHC,8,16,10,,
NIFRA,22,56,54,,
SWMF,33,6,40,,
SWMF,41,6,10,,
SWMF,55,6,50,,
NLBBL,56,14,20,,
HHL,7,58,10,,
NHPC,48,58,80,,
NHPC,54,58,100,,
NHPC,39,58,100,,
NHPC,41,58,500,,
NHPC,55,58,500,,
NHPC,55,58,620,,
NHPC,41,58,100,,
NRIC,58,32,13,,
NIFRA,34,41,10,,
RHGCL,19,43,60,,
RHGCL,19,49,10,,
RHGCL,19,58,10,,
HDHPC,42,57,60,,
RHGCL,36,35,10,,
RHGCL,36,21,10,,
NHPC,58,53,500,,
API,19,7,92,,
API,19,32,30,,
NTC,21,58,50,,
ICFC,45,32,490,,
ICFC,35,32,10,,
NTC,58,53,10,,
NTC,58,33,10,,
NMBMF,16,14,35,,
BFC,5,13,50,,
NICLBSL,49,49,29,,
USHEC,7,22,10,,
LEC,37,13,10,,
NIFRA,22,32,10,,
BARUN,34,57,10,,
RHGCL,36,49,10,,
SPC,28,45,50,,
RHGCL,36,4,10,,
NBL,44,21,320,,
NBL,44,19,50,,
NBL,44,58,205,,
NBL,44,49,125,,
SFCL,36,36,15,,
UHEWA,44,58,10,,
UPPER,38,58,10,,
RHGCL,36,33,10,,
HHL,57,51,10,,
HHL,38,51,40,,
SHIVM,49,34,40,,
RADHI,50,57,30,,
RADHI,50,57,70,,
NCCB,44,55,700,,
USHEC,7,58,10,,
BHL,42,4,10,,
SICL,42,48,10,,
NYADI,35,58,10,,
NTC,58,45,900,,
ALICL,44,58,14,,
SGHC,22,58,10,,
UHEWA,44,1,10,,
API,11,34,300,,
RHGCL,36,5,10,,
RHGCL,36,38,10,,
SJCL,38,33,10,,
NHPC,58,49,15,,
NHPC,45,49,20,,
NHPC,52,49,200,,
NHPC,58,49,20,,
NHPC,42,49,30,,
NHPC,55,49,1000,,
NHPC,17,49,100,,
NHPC,47,49,10,,
NHPC,42,49,500,,
NHPC,16,49,100,,
NHPC,58,49,100,,
NHPC,45,49,82,,
NHPC,45,49,50,,
NHPC,57,49,500,,
NHPC,22,49,200,,
SICL,55,58,80,,
LEC,37,32,10,,
API,5,32,10,,
NABIL,49,19,92,,
NABIL,49,8,48,,
NABIL,49,19,60,,
USLB,57,42,11,,
GBBL,26,45,45,,
USHEC,7,49,10,,
MBJC,39,58,10,,
GVL,16,58,10,,
RHGCL,42,5,10,,
RHGCL,42,33,10,,
SAHAS,19,10,10,,
SICL,17,58,100,,
SICL,44,58,100,,
SICL,8,58,217,,
MBJC,39,36,10,,
SPC,58,54,10,,
SPC,58,6,20,,
NMBMF,55,45,220,,
NMBMF,42,45,20,,
SGHC,22,32,10,,
HHL,38,58,10,,
RMDC,16,14,36,,
RMDC,19,14,100,,
RMDC,58,14,27,,
RMDC,36,14,50,,
RMDC,34,14,100,,
RMDC,45,14,50,,
RMDC,26,14,100,,
RMDC,5,14,100,,
RMDC,58,14,37,,
RHGCL,57,45,10,,
RHGCL,42,5,10,,
GHL,25,29,50,,
EDBL,45,35,10,,
NBF2,11,45,100,,
CBBL,6,46,100,,
SICL,47,48,50,,
DDBL,38,52,20,,
NLIC,58,13,43,,
UMRH,35,49,10,,
NRIC,58,40,38,,
HHL,34,45,99,,
HHL,34,45,30,,
MBJC,39,58,10,,
HHL,55,45,11,,
HHL,17,45,10,,
HHL,19,45,50,,
RHGCL,42,21,10,,
HDHPC,45,32,20,,
SICL,8,58,83,,
SICL,39,58,50,,
SICL,47,58,100,,
SICL,47,58,100,,
SICL,48,58,52,,
SICL,8,58,108,,
SICL,48,58,24,,
SICL,21,58,50,,
SICL,41,58,100,,
SICL,43,58,20,,
SICL,42,58,58,,
SICL,34,58,35,,
SICL,55,58,210,,
SICL,55,58,10,,
BHL,42,49,10,,
RHGCL,42,5,10,,
NGPL,34,35,104,,
RHGCL,42,49,200,,
NESDO,17,47,10,,
NTC,58,58,10,,
NABIL,42,33,63,,
NABIL,58,33,10,,
NABIL,57,33,150,,
NABIL,25,33,578,,
NABIL,43,33,16,,
NABIL,22,33,24,,
NABIL,49,33,19,,
NABIL,32,33,10,,
NABIL,21,33,10,,
NABIL,8,33,500,,
NABIL,54,33,100,,
NABIL,49,33,20,,
NABIL,46,33,50,,
NABIL,42,33,100,,
NABIL,58,33,50,,
RHGCL,55,34,10,,
RHGCL,55,17,10,,
KBL,49,45,500,,
RHGCL,55,33,10,,
MNBBL,38,58,100,,
ACLBSL,32,42,12,,
DDBL,10,33,22,,
RIDI,25,44,30,,
RHGCL,55,21,10,,
UMHL,45,49,10,,
SANIMA,19,14,50,,
SANIMA,14,14,100,,
SANIMA,58,14,10,,
SANIMA,1,14,15,,
JALPA,58,57,50,,
JALPA,51,57,140,,
CBBL,6,49,101,,
WNLB,25,58,30,,
HHL,19,41,10,,
NCCB,47,55,100,,
HHL,19,58,10,,
RHGCL,55,21,10,,
RHGCL,55,52,10,,
MHL,57,38,10,,
RIDI,45,58,367,,
RIDI,55,58,483,,
RIDI,34,58,50,,
SAHAS,19,38,10,,
SWBBL,57,21,50,,
API,42,32,10,,
UMRH,14,45,400,,
NIFRA,59,57,114,,
NICLBSL,49,35,10,,
SPDL,6,58,100,,
JALPA,45,49,10,,
NLG,46,17,30,,
JBLB,58,21,17,,
NTC,58,26,100,,
SAHAS,19,21,10,,
KBL,38,45,10,,
LICN,25,58,30,,
RHGCL,49,43,10,,
NGPL,4,51,85,,
NGPL,17,51,40,,
NGPL,58,51,10,,
NGPL,58,51,15,,
BHDC,1,58,10,,
CHCL,25,7,80,,
CHCL,11,7,20,,
RHGCL,55,22,10,,
RLFL,32,47,65,,
API,42,8,40,,
MHL,57,4,10,,
SANIMA,58,19,14,,
SBL,47,46,292,,
SBL,42,46,10,,
SBL,49,46,80,,
SBL,26,46,18,,
NMFBS,45,51,15,,
NABIL,21,19,40,,
RHGCL,55,21,10,,
SMATA,58,1,10,,
SMATA,33,1,50,,
ADBL,25,49,80,,
ADBL,45,49,40,,
API,43,4,159,,
API,35,4,50,,
ICFC,59,52,10,,
NABIL,47,19,50,,
NYADI,35,21,10,,
HDHPC,7,57,40,,
NABIL,25,19,50,,
SJCL,58,32,10,,
MBJC,19,58,10,,
LICN,25,59,20,,
RHGCL,57,22,10,,
NIFRA,41,17,4,,
NIFRA,41,38,21,,
NIFRA,42,38,15,,
NIFRA,58,38,10,,
NIFRA,16,38,22,,
NIFRA,34,38,10,,
NIFRA,48,38,200,,
NIFRA,52,38,22,,
MHL,57,45,30,,
MHL,57,16,10,,
ADBL,32,58,70,,
BPCL,6,58,47,,
BPCL,14,58,30,,
BPCL,58,58,50,,
BPCL,46,58,200,,
BPCL,36,58,30,,
NBL,57,58,68,,
BPCL,55,58,39,,
BPCL,34,58,100,,
MNBBL,38,58,100,,
NIFRA,34,57,10,,
NIFRA,59,54,54,,
NIFRA,59,38,40,,
NIFRA,59,55,30,,
NIFRA,59,43,500,,
NIFRA,59,1,64,,
NIFRA,59,45,15,,
NIFRA,59,19,50,,
NIFRA,59,58,64,,
NIFRA,59,21,30,,
NIFRA,59,39,54,,
RHGCL,55,56,10,,
NESDO,41,49,10,,
RHGCL,55,33,10,,
RHGCL,55,57,10,,
RHGCL,55,25,10,,
MHL,56,16,10,,
NTC,52,7,2,,
NTC,49,7,300,,
NTC,58,7,75,,
NTC,21,7,23,,
NGPL,43,35,100,,
MBJC,19,21,10,,
UHEWA,44,44,10,,
NBL,57,58,493,,
NBL,34,58,200,,
NBL,29,58,100,,
NBL,32,58,20,,
NBL,45,58,150,,
NBL,58,58,38,,
NBL,22,58,100,,
NBL,41,58,39,,
NBL,57,58,20,,
NBL,3,58,10,,
NBL,45,58,10,,
MMF1,49,42,100,,
GBBL,45,45,100,,
SMATA,21,1,10,,
MHL,48,16,80,,
NIFRA,52,21,18,,
NIFRA,35,21,20,,
BHL,42,21,10,,
NIFRA,19,21,16,,
CBBL,33,58,35,,
NIFRA,59,42,14,,
RHGCL,55,49,10,,
RHGCL,55,29,10,,
HURJA,8,56,10,,
MHL,48,21,10,,
SGHC,32,58,10,,
MHL,48,21,10,,
ICFC,32,6,78,,
ICFC,32,54,28,,
SAHAS,19,49,58,,
RHGCL,55,21,10,,
SICL,7,20,44,,
SICL,19,20,20,,
SICL,58,20,30,,
RHGCL,55,56,10,,
NLBBL,41,58,10,,
RHGCL,55,58,10,,
NLG,38,17,50,,
NLG,6,17,200,,
NLG,41,17,100,,
NLG,14,17,200,,
NLG,45,17,110,,
NLG,34,17,100,,
NLG,21,17,10,,
NLG,5,17,200,,
MKJC,42,38,10,,
RHGCL,55,29,10,,
HIDCL,34,55,10,,
NLIC,51,28,30,,
NLIC,58,28,20,,
NIFRA,59,42,96,,
NIFRA,59,34,206,,
NIFRA,59,32,14,,
RHGCL,59,7,10,,
GVL,16,57,10,,
PRVU,28,21,94,,
RHGCL,55,21,10,,
RHGCL,55,4,10,,
MEN,58,21,10,,
NLIC,51,42,57,,
NYADI,49,58,1000,,
NTC,11,28,300,,
UMRH,1,45,50,,
KRBL,42,42,10,,
KRBL,29,42,10,,
HIDCL,55,41,218,,
HIDCL,55,41,282,,
MHL,40,44,10,,
RHGCL,55,29,10,,
RHGCL,55,38,10,,
HDHPC,45,49,270,,
UPPER,28,58,10,,
RIDI,53,33,355,,
HDHPC,43,44,98,,
HDHPC,33,44,702,,
HDHPC,48,44,100,,
HDHPC,28,44,100,,
HDHPC,26,44,100,,
HDHPC,11,44,1100,,
HDHPC,33,44,100,,
GVL,16,49,12,,
SHIVM,17,34,60,,
SHIVM,17,13,40,,
RHGCL,55,29,10,,
NIFRA,34,34,10,,
RHGCL,55,21,10,,
SAHAS,51,41,10,,
PICL,58,49,160,,
USHEC,7,49,10,,
RFPL,45,58,10,,
UMRH,1,38,10,,
JBBL,43,49,500,,
SRBL,14,55,50,,
RIDI,49,33,50,,
USHEC,7,6,10,,
NTC,13,33,80,,
NTC,13,19,20,,
RHGCL,55,29,10,,
NIFRA,59,58,100,,
NIFRA,59,48,54,,
NIFRA,59,58,64,,
NIFRA,59,48,54,,
NIFRA,59,7,10,,
NIFRA,59,58,40,,
NIFRA,59,58,54,,
NIFRA,59,51,54,,
NIFRA,59,38,54,,
NIFRA,59,51,54,,
NIFRA,59,36,100,,
NIFRA,59,58,11,,
NIFRA,59,8,24,,
UHEWA,34,58,10,,
SAHAS,51,10,10,,
PICL,58,49,10,,
SGHC,32,58,10,,
AKJCL,57,42,30,,
NCCB,57,11,293,,
NCCB,58,11,57,,
NCCB,49,11,50,,
UHEWA,49,58,10,,
RHGCL,55,11,10,,
RHGCL,55,57,10,,
RHGCL,55,29,10,,
RHGCL,55,21,10,,
HHL,19,10,10,,
RHGCL,55,34,10,,
CGH,43,4,10,,
CGH,38,4,10,,
PICL,34,49,10,,
USHEC,51,57,12,,
NABIL,58,19,100,,
SRBL,36,11,270,,
SRBL,53,11,100,,
SRBL,4,11,30,,
RHGCL,55,35,10,,
CIT,10,43,10,,
RHGCL,55,22,10,,
RHGCL,55,19,10,,
MHL,57,45,10,,
MHL,34,45,50,,
MHL,47,45,10,,
SPC,39,6,10,,
BHL,42,18,10,,
NMFBS,57,51,31,,
MBJC,50,58,20,,
MBJC,50,32,60,,
MBJC,50,58,10,,
MBJC,50,58,10,,
MBJC,50,45,100,,
CGH,50,4,20,,
ALICL,46,17,160,,
HIDCL,34,55,10,,
HDHPC,45,49,110,,
ALICL,56,17,120,,
ALICL,21,17,100,,
ALICL,45,17,200,,
ALICL,21,17,10,,
ALICL,8,17,500,,
ALICL,52,17,20,,
ALICL,54,17,50,,
UMRH,34,52,200,,
MBL,49,34,500,,
RHGCL,55,49,10,,
RHGCL,55,49,10,,
HDHPC,40,49,20,,
GILB,45,11,50,,
GILB,45,11,50,,
UPPER,28,58,27,,
MBJC,44,4,10,,
LBBL,32,13,100,,
NBL,29,58,20,,
ALICL,45,17,10,,
ALICL,58,17,140,,
ALICL,42,17,50,,
ALICL,38,17,200,,
ALICL,6,17,300,,
ALICL,11,17,100,,
ALICL,3,17,20,,
ALICL,32,17,20,,
NICA,58,47,28,,
NICA,58,58,10,,
NEF,19,19,212,,
CHDC,21,13,10,,
RHGCL,55,58,10,,
NABIL,55,3,11,,
NABIL,49,3,11,,
NABIL,34,3,70,,
NABIL,8,3,300,,
NYADI,51,10,10,,
RHGCL,55,49,10,,
NMFBS,57,1,19,,
FOWAD,57,28,40,,
SGHC,59,58,10,,
MHNL,49,43,422,,
JFL,57,40,200,,
GBBL,48,51,40,,
HDHPC,40,10,110,,
SWBBL,44,21,80,,
SAHAS,32,33,20,,
CHCL,11,7,50,,
SAHAS,32,10,10,,
UNHPL,17,58,160,,
UNHPL,45,58,200,,
UNHPL,42,58,860,,
UNHPL,56,58,200,,
UNHPL,58,58,27,,
UNHPL,58,58,10,,
UNHPL,14,58,100,,
UNHPL,25,58,38,,
UNHPL,45,58,355,,
UNHPL,22,58,50,,
STC,5,42,12,,
STC,5,42,10,,
ALICL,32,17,80,,
RHGCL,55,49,10,,
ALICL,21,17,50,,
ALICL,39,17,50,,
ALICL,33,17,50,,
ALICL,57,17,50,,
ALICL,34,17,10,,
ALICL,45,17,50,,
ALICL,19,17,100,,
ALICL,3,17,10,,
ALICL,33,17,50,,
RHGCL,55,42,10,,
SAHAS,32,38,10,,
RHGCL,55,11,10,,
SGHC,32,58,10,,
HURJA,29,56,100,,
HURJA,28,56,200,,
HURJA,19,56,30,,
HURJA,45,56,100,,
HURJA,53,56,100,,
HURJA,58,56,10,,
HURJA,43,56,200,,
HURJA,47,56,200,,
HURJA,58,56,50,,
RHGCL,55,57,10,,
KKHC,26,35,50,,
SCB,58,5,11,,
SCB,58,46,39,,
STC,44,42,10,,
UHEWA,34,35,10,,
BHL,42,47,10,,
UHEWA,34,58,10,,
PRVU,29,21,126,,
PRVU,1,21,100,,
NABIL,8,19,100,,
NABIL,8,58,10,,
HEI,56,45,100,,
EBL,58,39,10,,
MBL,49,34,100,,
HHL,45,58,10,,
BHL,42,47,10,,
RHGCL,55,22,10,,
LBL,58,59,10,,
RHGCL,55,49,10,,
SGHC,32,4,10,,
BHL,42,47,10,,
UHEWA,34,36,10,,
NRIC,28,51,10,,
HDHPC,40,16,70,,
KBL,39,45,10,,
EDBL,49,58,301,,
EDBL,32,58,100,,
EDBL,8,58,35,,
EDBL,56,58,500,,
EDBL,11,58,64,,
PCBL,3,44,10,,
UHEWA,34,43,10,,
UHEWA,34,47,10,,
PPCL,14,47,10,,
SGHC,32,49,10,,
BHL,42,47,10,,
NFS,22,29,30,,
UHEWA,52,22,10,,
SWBBL,25,14,20,,
SWBBL,49,14,20,,
SWBBL,11,14,10,,
SWBBL,36,14,30,,
SWBBL,14,14,20,,
EDBL,11,58,316,,
EDBL,35,58,90,,
EDBL,33,58,40,,
EDBL,21,58,10,,
EDBL,58,58,15,,
EDBL,33,58,29,,
EDBL,43,58,500,,
UPPER,25,58,63,,
UPPER,25,39,37,,
BHL,42,47,10,,
NMB,49,42,3,,
HDHPC,57,16,180,,
HDHPC,57,32,20,,
SGHC,29,58,10,,
CHCL,32,7,30,,
UMHL,44,58,300,,
RADHI,50,39,28,,
JALPA,51,34,15,,
RHGCL,55,21,10,,
NICA,55,7,20,,
NABIL,34,58,12,,
SGHC,42,58,10,,
ICFC,41,54,10,,
SBI,35,16,10,,
NIFRA,56,28,54,,
NTC,42,33,50,,
MLBL,45,49,210,,
MLBL,45,49,150,,
MLBL,45,25,130,,
NRIC,58,39,100,,
MBL,59,52,90,,
NMBMF,16,20,65,,
CHCL,26,7,10,,
NABIL,13,58,78,,
MHL,47,21,10,,
SAHAS,32,58,10,,
MDB,45,57,20,,
RADHI,48,39,100,,
EDBL,45,17,40,,
UHEWA,52,58,10,,
STC,13,16,10,,
UHEWA,52,55,10,,
UPCL,44,16,51,,
MFIL,6,56,160,,
NABIL,13,19,42,,
NRN,25,13,10,,
NRN,25,32,10,,
NRN,25,29,10,,
ICFC,32,54,10,,
RIDI,55,34,17,,
MHL,47,49,480,,
MHL,39,49,50,,
MHL,39,49,50,,
MHL,34,49,100,,
JALPA,47,50,60,,
JALPA,51,50,140,,
SMB,51,49,20,,
MBL,29,52,10,,
SWBBL,48,14,11,,
RHGCL,46,43,35,,
SRBL,58,55,18,,
RSDC,22,38,25,,
KBL,49,45,100,,
JBLB,47,6,10,,
JBLB,34,51,15,,
RFPL,45,21,10,,
USLB,57,42,12,,
USLB,42,42,12,,
HBL,57,44,15,,
RIDI,17,48,200,,
SHEL,52,32,10,,
CHCL,58,7,10,,
HIDCL,55,44,50,,
CBBL,51,58,10,,
UPCL,3,16,149,,
UPCL,3,58,51,,
SMB,51,49,10,,
USHEC,7,49,10,,
SGHC,14,58,10,,
MBJC,44,52,20,,
MLBBL,8,43,10,,
UHEWA,52,21,10,,
PPCL,42,42,50,,
PCBL,25,44,100,,
MHL,48,49,100,,
MHL,33,49,100,,
MHL,22,49,100,,
MHL,34,49,100,,
MHL,34,49,20,,
MHL,48,49,10,,
RHGCL,46,58,10,,
RHGCL,46,58,10,,
RHGCL,46,19,10,,
RHGCL,46,58,10,,
UHEWA,52,58,10,,
UMRH,19,33,15,,
UMRH,58,33,170,,
RHGCL,55,42,10,,
NTC,28,33,10,,
NTC,28,45,10,,
UPPER,29,39,200,,
UPPER,56,39,50,,
UPPER,22,39,300,,
KRBL,44,32,15,,
UPPER,13,39,200,,
UPPER,4,39,100,,
UPPER,34,39,25,,
UPPER,58,39,70,,
UPPER,58,39,10,,
UPPER,49,39,10,,
UPPER,6,39,50,,
UPPER,7,39,70,,
UPPER,41,39,20,,
UPPER,28,39,58,,
NABIL,38,19,10,,
UPPER,57,58,25,,
NICA,55,58,80,,
UPCL,19,58,100,,
NIFRA,56,22,54,,
LBBL,41,58,85,,
RHGCL,55,41,10,,
AKPL,39,19,200,,
RHGCL,55,38,10,,
SRBL,22,55,100,,
SRBL,51,55,5657,,
NABIL,49,17,19,,
NABIL,13,17,90,,
NABIL,14,17,50,,
NABIL,14,17,20,,
NABIL,43,17,30,,
NABIL,52,17,19,,
NABIL,13,17,21,,
NABIL,49,17,100,,
NABIL,58,17,25,,
NABIL,3,17,25,,
NABIL,22,17,11,,
NABIL,51,17,50,,
NABIL,58,17,40,,
NTC,21,58,27,,
RHGCL,55,42,10,,
SBL,36,40,100,,
SBL,38,40,550,,
SBL,38,40,170,,
SBL,51,40,20,,
SBL,32,40,55,,
SBL,39,40,100,,
ICFC,26,42,500,,
ICFC,34,42,100,,
ICFC,50,42,200,,
RHGCL,35,3,10,,
RHGCL,55,34,10,,
SWBBL,28,14,100,,
SWBBL,21,14,50,,
SWBBL,4,14,10,,
SWBBL,35,14,50,,
SWBBL,19,14,69,,
RHGCL,55,7,10,,
API,52,39,200,,
CIT,8,43,10,,
CIT,8,28,40,,
UPCL,19,58,200,,
GBBL,48,38,50,,
NBL,58,49,25,,
NABIL,14,19,57,,
NTC,32,59,50,,
ALICL,25,8,10,,
CBBL,42,58,30,,
RHGCL,55,38,10,,
AKJCL,22,28,10,,
AKJCL,22,49,30,,
NHPC,47,49,10,,
NICA,7,57,50,,
NICA,33,57,50,,
RULB,17,26,10,,
UPCL,34,58,30,,
UPCL,44,58,20,,
UPCL,53,58,200,,
UPCL,26,58,100,,
UPCL,33,58,1000,,
UPCL,6,58,50,,
UPCL,58,58,845,,
UPCL,40,58,300,,
UPCL,26,58,200,,
SHL,50,39,600,,
RHGCL,55,38,10,,
RHGCL,55,22,10,,
CZBIL,48,40,197,,
AKJCL,25,49,10,,
RHGCL,55,41,10,,
AKPL,39,45,500,,
UPCL,4,48,100,,
UPCL,41,48,30,,
UPCL,44,48,200,,
UPCL,58,48,10,,
UPCL,56,48,20,,
UPCL,26,48,138,,
SGHC,14,58,10,,
UMHL,37,58,100,,
UMHL,35,58,200,,
UMHL,32,58,100,,
UMHL,43,58,200,,
UMHL,52,58,60,,
UMHL,45,58,80,,
UMHL,35,58,50,,
UMHL,58,58,10,,
UMHL,45,58,500,,
UMHL,58,58,500,,
UMHL,5,58,200,,
UMHL,49,58,221,,
SRBL,51,45,558,,
BARUN,34,57,50,,
BARUN,34,14,160,,
SFCL,58,29,100,,
NIFRA,42,8,30,,
NIFRA,42,45,10,,
NIFRA,42,57,10,,
RHGCL,55,38,10,,
LICN,28,59,10,,
PRVU,28,8,80,,
HIDCL,55,44,68,,
HIDCL,58,44,20,,
HIDCL,42,44,12,,
SANIMA,34,49,270,,
SHIVM,58,13,20,,
USHEC,7,47,10,,
RHGCL,55,57,10,,
NABIL,14,34,43,,
RADHI,32,39,100,,
RHGCL,55,22,10,,
NABIL,49,34,57,,
USLB,21,42,10,,
SWBBL,58,35,100,,
AKPL,39,25,200,,
KSBBL,58,16,391,,
SPDL,51,58,30,,
SFCL,36,16,50,,
RHGCL,55,38,10,,
PCBL,21,44,33,,
MPFL,52,33,20,,
SGHC,14,49,267,,
SGHC,34,49,50,,
SGHC,52,49,40,,
SGHC,22,49,20,,
SIFC,51,51,50,,
SIFC,19,51,30,,
RSDC,57,38,15,,
UPCL,11,58,94,,
KPCL,59,17,11,,
EBL,59,49,13,,
RADHI,57,39,22,,
RADHI,58,39,10,,
RADHI,42,39,25,,
RADHI,4,39,25,,
NABIL,53,34,50,,
RADHI,34,39,20,,
RADHI,58,39,10,,
RADHI,17,39,50,,
RADHI,1,39,20,,
GVL,21,41,10,,
DORDI,57,48,10,,
DORDI,57,34,10,,
DORDI,57,38,10,,
UHEWA,52,34,10,,
RHGCL,55,35,10,,
UHEWA,43,58,10,,
UPPER,28,34,125,,
RHGCL,55,52,10,,
USHEC,7,44,10,,
WNLB,58,48,10,,
USHEC,7,44,50,,
USHEC,3,44,20,,
USHEC,56,44,10,,
USHEC,45,44,20,,
SHEL,22,59,10,,
SGHC,56,49,500,,
SGHC,45,49,50,,
SGHC,56,49,10,,
SGHC,34,49,50,,
SGHC,34,49,100,,
SGHC,57,49,100,,
SGHC,33,49,100,,
SGHC,57,49,11,,
SGHC,58,49,100,,
SGHC,29,49,700,,
SGHC,14,49,200,,
SGHC,45,49,50,,
SGHC,42,49,152,,
RHGCL,55,58,10,,
MHL,48,44,10,,
UNHPL,42,58,100,,
MHL,48,16,70,,
AKPL,39,59,40,,
NBF3,58,4,125,,
UHEWA,43,59,10,,
RHGCL,42,35,10,,
CBBL,55,58,10,,
CBBL,14,58,15,,
CBBL,6,58,100,,
CBBL,34,58,50,,
CBBL,6,58,10,,
API,52,32,50,,
API,57,32,90,,
RHGCL,42,3,10,,
GVL,21,58,10,,
AHPC,52,22,25,,
BNHC,17,17,10,,
MFIL,6,34,40,,
MLBBL,26,53,20,,
AKPL,39,44,200,,
HDL,49,10,10,,
JBBL,48,40,115,,
JBBL,47,40,100,,
JBBL,34,40,35,,
USHEC,45,16,10,,
SAHAS,28,51,10,,
SAHAS,28,51,10,,
USHEC,45,42,10,,
USLB,26,42,20,,
RHGCL,34,10,10,,
RHGCL,34,58,10,,
SGHC,58,49,10,,
KSBBL,22,16,50,,
MHL,48,44,10,,
LBBL,42,58,40,,
LBBL,7,58,50,,
LBBL,6,58,275,,
LBBL,6,58,25,,
LBBL,57,58,160,,
HDHPC,11,57,100,,
API,57,16,10,,
API,46,16,10,,
CZBIL,42,53,10,,
MHL,33,49,970,,
MHL,22,49,50,,
KBL,5,48,50,,
HHL,45,35,10,,
CZBIL,48,16,40,,
CZBIL,1,16,10,,
SGHC,58,58,10,,
GBBL,48,51,60,,
UPPER,28,56,167,,
UPPER,54,56,160,,
UPPER,14,56,50,,
UPPER,25,56,10,,
UPPER,41,56,48,,
UNHPL,58,58,500,,
UNHPL,58,58,18,,
UNHPL,19,58,400,,
UNHPL,57,58,250,,
CZBIL,1,53,10,,
RHGCL,21,49,10,,
SPC,5,41,10,,
JBBL,58,16,10,,
MBJC,38,29,10,,
KRBL,42,32,10,,
USHEC,45,34,10,,
BNHC,17,45,10,,
MBL,29,16,10,,
NABIL,47,19,100,,
MNBBL,17,34,160,,
RHGCL,21,4,10,,
RHGCL,21,14,10,,
RADHI,32,39,90,,
RADHI,32,46,10,,
NABIL,58,16,10,,
NRN,7,45,50,,
NRN,22,45,400,,
NICSF,58,40,600,,
HHL,19,42,10,,
RHGCL,21,38,10,,
NHPC,47,16,10,,
HIDCL,55,51,100,,
NRIC,48,57,78,,
KBL,5,49,254,,
RHGCL,57,43,50,,
NRIC,22,56,100,,
NRIC,19,56,100,,
NRIC,34,56,50,,
NRIC,57,56,20,,
NLIC,35,6,25,,
NLIC,13,6,500,,
NLIC,26,6,10,,
NLIC,1,6,29,,
NLIC,13,6,200,,
NLIC,6,6,500,,
NLIC,41,6,33,,
NLIC,57,6,126,,
NLIC,25,6,50,,
NLIC,57,6,10,,
NLIC,41,6,50,,
NLIC,51,6,151,,
BHDC,1,58,10,,
AKPL,39,58,200,,
UPCL,19,22,200,,
NICA,34,16,10,,
RADHI,14,13,48,,
RHGCL,58,49,10,,
LBBL,57,7,30,,
SCB,17,16,10,,
KDBY,19,35,100,,
UNHPL,57,7,100,,
SGHC,58,32,10,,
AKPL,39,33,117,,
MHL,22,58,10,,
RADHI,22,46,100,,
MFIL,49,34,10,,
SGHC,58,56,20,,
SGHC,11,56,70,,
SGHC,32,56,10,,
SHL,50,58,400,,
SHL,22,58,100,,
SHL,28,58,500,,
SHL,26,58,900,,
SHL,13,58,100,,
RHGCL,55,38,10,,
HHL,19,32,10,,
NICA,34,34,35,,
NICA,34,34,100,,
NICA,38,34,15,,
ACLBSL,33,35,94,,
MNBBL,49,28,15,,
CBBL,19,58,50,,
PRVU,32,8,30,,
SKBBL,22,14,11,,
RADHI,5,48,49,,
RADHI,39,48,11,,
RADHI,22,48,130,,
RADHI,51,48,50,,
RADHI,45,48,10,,
RHGCL,55,56,10,,
RHGCL,58,28,10,,
DORDI,58,32,10,,
PCBL,56,44,10,,
UPCL,26,58,12,,
SGHC,32,58,10,,
RHGCL,55,45,10,,
PRVU,28,8,200,,
MHL,22,35,10,,
HDL,6,10,30,,
CZBIL,49,53,11,,
NLBBL,29,48,20,,
PICL,22,29,500,,
BARUN,49,14,10,,
AKPL,42,33,50,,
PFL,48,38,15,,
KSBBL,41,16,25,,
HEI,58,45,400,,
UPCL,26,34,50,,
RHGCL,58,19,10,,
AHPC,25,51,75,,
AHPC,55,51,25,,
ACLBSL,19,42,37,,
MHL,22,56,30,,
MHL,48,56,20,,
UHEWA,52,49,10,,
JBLB,6,21,10,,
JBLB,42,25,100,,
UHEWA,39,58,10,,
UHEWA,39,45,10,,
NABIL,21,19,45,,
SGHC,32,58,10,,
RADHI,58,46,90,,
MHNL,49,58,70,,
AKPL,28,33,50,,
AKPL,28,59,50,,
CGH,45,4,10,,
SBL,38,38,6,,
EBL,14,49,50,,
UPCL,58,49,67,,
NLIC,11,11,10,,
NICA,45,43,30,,
PCBL,51,49,85,,
PCBL,33,49,15,,
NIFRA,56,42,90,,
API,34,42,153,,
HHL,52,45,10,,
MEN,56,55,465,,
UHEWA,52,58,10,,
BFC,4,13,100,,
SHL,35,33,270,,
BBC,6,51,20,,
API,22,8,10,,
SCB,17,16,10,,
BHDC,1,49,10,,
UMHL,45,39,64,,
UMHL,39,39,10,,
UMHL,52,39,146,,
RHGCL,58,22,10,,
HHL,52,46,10,,
ADBL,45,1,50,,
PCBL,38,38,1,,
RBCL,55,7,10,,
UPCL,51,49,100,,
UPCL,33,49,500,,
UPCL,16,49,500,,
UPCL,28,49,500,,
ENL,34,49,10,,
UPCL,41,34,50,,
UPCL,58,22,40,,
UHEWA,14,14,10,,
SRBL,51,16,20,,
NLG,13,17,20,,
NLG,35,17,500,,
NLG,6,17,280,,
NLG,41,17,383,,
NLG,11,17,10,,
MPFL,52,11,250,,
SINDU,46,1,280,,
SINDU,46,13,100,,
BHL,39,35,10,,
RHGCL,55,50,10,,
SHIVM,17,45,1000,,
SHIVM,17,48,185,,
HDL,26,44,10,,
HDL,22,44,10,,
MHL,48,45,10,,
UHEWA,14,40,10,,
RADHI,58,38,70,,
RADHI,16,38,30,,
API,34,7,122,,
RHGCL,55,58,10,,
RHGCL,21,6,10,,
NUBL,38,38,2,,
RHGCL,21,19,10,,
JBLB,19,33,10,,
JBLB,5,33,10,,
JBLB,46,33,50,,
JBLB,28,33,10,,
JBLB,34,33,10,,
JBLB,58,33,12,,
JBLB,44,33,11,,
SFCL,36,48,400,,
SFCL,20,48,100,,
SFCL,36,48,500,,
UPPER,45,34,90,,
BFC,4,51,42,,
NMFBS,42,41,30,,
UPPER,41,46,52,,
UPPER,6,46,25,,
UPPER,57,46,50,,
UPPER,38,46,50,,
MEN,56,47,35,,
HDL,48,44,16,,
HDL,11,44,10,,
KSBBL,35,16,20,,
PRVU,28,8,165,,
PRVU,28,51,135,,
SHIVM,38,48,25,,
SHIVM,45,48,20,,
SHIVM,58,48,13,,
SHIVM,50,48,100,,
SHIVM,59,48,178,,
SHIVM,44,48,110,,
SHIVM,17,48,369,,
CIT,32,29,54,,
MHL,48,58,10,,
SHPC,5,51,10,,
NABIL,22,19,10,,
RHGCL,21,4,10,,
SBL,32,16,10,,
NHPC,47,16,10,,
HDHPC,33,28,1298,,
LEC,32,49,50,,
ADBL,11,58,10,,
ADBL,45,58,20,,
API,34,42,19,,
API,21,42,20,,
API,32,42,13,,
API,32,42,123,,
API,39,42,12,,
API,54,42,50,,
API,45,42,10,,
API,25,42,200,,
MHL,48,51,10,,
PCBL,10,44,500,,
NICA,34,44,150,,
GUFL,58,51,90,,
GUFL,53,51,10,,
RHGCL,21,57,10,,
HDHPC,58,28,100,,
NTC,56,58,25,,
HDL,58,10,10,,
HDL,41,10,10,,
HDL,7,10,15,,
RHGCL,19,29,10,,
UPPER,22,46,395,,
UPPER,45,46,178,,
NHPC,38,38,7,,
RHGCL,58,46,10,,
SRBL,51,35,80,,
SRBL,28,35,20,,
NABIL,28,19,36,,
SHIVM,17,32,29,,
NFS,1,39,155,,
NFS,25,39,145,,
NABIL,28,19,94,,
SGHC,32,22,10,,
SRBL,28,59,30,,
RHGCL,21,29,10,,
SRBL,28,49,50,,
NRIC,35,57,50,,
NRIC,55,57,100,,
NRIC,14,57,20,,
NRIC,58,57,14,,
RIDI,52,48,50,,
JSLBB,17,42,5,,
RHGCL,21,14,10,,
MBJC,19,48,100,,
MLBL,45,22,10,,
MLBL,45,49,144,,
USHEC,45,45,10,,
UHEWA,14,4,10,,
HIDCL,39,42,216,,
CBBL,58,58,10,,
NHDL,20,7,100,,
LICN,13,28,50,,
CIT,46,29,16,,
CIT,6,29,20,,
CIT,48,29,10,,
NCCB,38,38,3,,
NTC,56,28,975,,
NTC,26,28,50,,
NTC,42,28,50,,
NTC,58,28,25,,
NHPC,47,49,6980,,
ACLBSL,28,35,20,,
RHGCL,34,21,10,,
SANIMA,1,16,20,,
UHEWA,14,38,10,,
FOWAD,55,50,15,,
RHGCL,34,6,10,,
UHEWA,14,59,10,,
RHGCL,34,29,10,,
UPCL,58,22,10,,
PCBL,18,44,190,,
PCBL,18,44,621,,
PCBL,18,41,15,,
PCBL,18,34,42,,
PCBL,18,13,132,,
HDHPC,58,28,100,,
RIDI,5,1,310,,
RIDI,58,1,40,,
RIDI,51,1,50,,
RIDI,33,1,200,,
RIDI,59,1,50,,
RIDI,4,1,25,,
RIDI,25,1,25,,
USHEC,45,10,10,,
RMDC,25,16,10,,
HDHPC,42,44,10,,
HDHPC,38,44,200,,
HDHPC,32,44,500,,
HDHPC,49,44,100,,
HDHPC,57,44,15,,
HDHPC,35,44,200,,
HDHPC,41,44,100,,
HDHPC,46,44,500,,
HDHPC,38,44,100,,
HDHPC,28,44,1000,,
HDHPC,48,44,100,,
HDHPC,7,44,100,,
AKPL,49,59,10,,
RFPL,26,7,110,,
RFPL,11,7,190,,
API,35,35,192,,
RHGCL,34,42,10,,
BPCL,44,58,100,,
BPCL,41,58,59,,
DORDI,34,58,10,,
RHGCL,34,29,10,,
NABIL,1,19,15,,
EBL,58,49,27,,
EBL,41,49,10,,
KRBL,58,32,100,,
RHGCL,34,58,10,,
RHGCL,34,38,10,,
JFL,8,46,1000,,
JFL,5,46,50,,
JFL,42,46,100,,
NICL,43,10,83,,
MFIL,38,38,4,,
SMFDB,53,28,200,,
RHGCL,34,29,10,,
NIL,43,7,30,,
UHEWA,14,43,10,,
NIFRA,56,42,100,,
NIFRA,56,42,200,,
UPPER,22,46,25,,
ICFC,32,41,10,,
HIDCL,39,39,612,,
HIDCL,58,39,18,,
HIDCL,45,39,72,,
HIDCL,21,39,244,,
HIDCL,50,39,13,,
HIDCL,51,39,200,,
BHDC,1,58,10,,
NFS,25,44,55,,
NFS,25,44,200,,
NFS,1,44,100,,
NFS,49,44,125,,
NFS,7,44,20,,
GILB,45,34,10,,
NICGF,47,37,5000,,
NLIC,50,42,1,,
SRBL,51,14,289,,
RHGCL,34,29,10,,
HHL,28,58,30,,
HHL,25,58,50,,
HHL,22,58,50,,
HHL,7,58,10,,
HHL,45,58,10,,
HHL,22,58,10,,
HHL,52,58,10,,
HHL,50,58,200,,
HHL,52,58,10,,
HHL,48,58,50,,
HHL,48,58,100,,
HHL,48,58,100,,
HHL,50,58,190,,
SRBL,51,4,66,,
SRBL,43,4,1000,,
RHGCL,34,46,10,,
UHEWA,14,58,10,,
KRBL,29,42,90,,
KRBL,36,42,100,,
FOWAD,14,1,10,,
RHGCL,34,41,10,,
LBBL,52,58,100,,
LBBL,57,58,200,,
RADHI,38,6,200,,
GFCL,3,39,300,,
NHPC,55,58,380,,
NHPC,55,58,2000,,
NHPC,55,58,2000,,
NHPC,26,58,20,,
NHPC,40,58,500,,
NHPC,41,58,100,,
CBBL,58,16,10,,
RHGCL,34,29,10,,
RADHI,52,8,100,,
USHEC,45,45,10,,
HHL,50,22,10,,
EDBL,33,47,21,,
EDBL,57,47,60,,
HIDCL,38,38,1,,
NYADI,58,34,10,,
PCBL,32,13,50,,
RFPL,11,45,10,,
MKJC,42,32,10,,
RHGCL,34,29,10,,
RHGCL,34,22,10,,
DORDI,34,25,30,,
ICFC,49,41,30,,
HDHPC,46,28,810,,
GVL,25,42,10,,
ICFC,49,32,10,,
RHGCL,34,38,10,,
UMHL,52,42,54,,
UMHL,21,42,100,,
UMHL,58,42,86,,
UMHL,8,42,10,,
NCCB,26,58,1000,,
CGH,38,34,10,,
HEI,38,38,1,,
MHNL,49,29,508,,
MHNL,52,29,200,,
USHEC,45,58,10,,
NICLBSL,41,8,10,,
NICLBSL,43,8,179,,
BHDC,1,56,10,,
NICLBSL,14,8,20,,
NICLBSL,58,8,10,,
RHGCL,44,58,10,,
RHGCL,44,58,10,,
RHGCL,8,42,10,,
RHGCL,34,29,10,,
LEC,32,49,10,,
LEC,32,32,10,,
LEC,32,48,100,,
UPCL,56,58,150,,
UPCL,38,58,20,,
UPCL,26,58,200,,
UPCL,58,58,100,,
NLICL,28,46,34,,
NLICL,58,46,10,,
NLICL,55,46,50,,
NLICL,3,46,10,,
NMFBS,57,45,15,,
NMFBS,42,45,20,,
NBF3,33,35,1000,,
UPPER,49,46,10,,
RHGCL,39,19,10,,
RADHI,44,8,41,,
RADHI,26,8,51,,
PCBL,38,13,100,,
SWBBL,19,16,31,,
SWBBL,49,16,10,,
GHL,21,29,10,,
UHEWA,14,49,10,,
RHGCL,34,10,10,,
HDHPC,46,36,190,,
HDHPC,35,36,10,,
HDHPC,25,36,500,,
HDHPC,58,36,200,,
HDHPC,34,36,100,,
MBL,59,49,100,,
NHPC,51,49,100,,
NHPC,33,49,60,,
NHPC,22,49,500,,
NHPC,5,49,200,,
NHPC,35,49,500,,
NHPC,29,49,20,,
NHPC,49,49,1407,,
NHPC,39,49,100,,
SGHC,32,49,10,,
NHPC,42,49,133,,
MNBBL,17,10,202,,
MNBBL,59,10,50,,
MNBBL,42,10,10,,
MNBBL,49,10,200,,
MNBBL,7,10,20,,
MNBBL,58,10,18,,
MMF1,21,46,200,,
KDBY,19,14,500,,
RIDI,7,48,50,,
RIDI,47,1,46,,
RIDI,21,1,100,,
RIDI,41,1,10,,
RIDI,4,1,110,,
UHEWA,14,58,10,,
RIDI,38,1,50,,
RIDI,44,1,10,,
RIDI,52,1,500,,
RIDI,55,1,19,,
RIDI,59,1,1658,,
RIDI,49,1,50,,
HDHPC,35,28,450,,
NESDO,28,28,10,,
MERO,28,38,15,,
RHGCL,52,43,140,,
RHGCL,52,45,10,,
RHGCL,52,19,10,,
RHGCL,52,54,10,,
RHGCL,52,44,830,,
UHEWA,14,53,10,,
PCBL,22,13,50,,
FOWAD,19,51,10,,
MHNL,29,7,200,,
AHPC,6,22,34,,
MLBSL,54,32,6,,
MLBSL,16,32,26,,
AHPC,22,58,50,,
ADBL,38,38,1,,
NABIL,8,42,80,,
SAHAS,55,33,20,,
SAHAS,55,33,360,,
SAHAS,58,33,50,,
SAHAS,57,33,30,,
SAHAS,32,33,20,,
NRIC,58,32,11,,
RADHI,42,34,59,,
RADHI,42,34,41,,
NCCB,42,22,20,,
GBBL,48,47,103,,
GBBL,4,47,257,,
GBBL,13,47,15,,
HIDCLP,8,59,800,,
HIDCLP,58,59,200,,
BARUN,45,14,20,,
NICL,43,8,87,,
NICL,47,8,50,,
RHGCL,34,58,10,,
RHGCL,34,39,10,,
RHGCL,34,39,10,,
RHGCL,34,49,10,,
RHGCL,34,38,10,,
RHGCL,34,59,10,,
RHGCL,34,59,10,,
RHGCL,34,58,10,,
RHGCL,34,4,19,,
NABIL,22,42,10,,
NABIL,38,42,10,,
NABIL,37,42,30,,
RADHI,26,46,49,,
GBBL,13,5,25,,
AKPL,51,19,50,,
UMRH,58,3,10,,
JBLB,42,19,10,,
UMRH,4,3,100,,
UMRH,58,3,10,,
UMRH,47,3,20,,
UMRH,36,3,100,,
UMRH,38,3,100,,
UMRH,26,3,50,,
UMRH,34,3,200,,
UMRH,57,3,30,,
UMRH,20,3,380,,
UMRH,42,3,100,,
UMRH,58,3,60,,
UMRH,17,3,40,,
DDBL,6,44,100,,
GHL,34,29,100,,
GHL,38,29,45,,
GHL,58,29,30,,
GHL,57,29,30,,
GHL,48,29,50,,
GHL,5,29,10,,
GHL,57,29,10,,
NIFRA,29,49,235,,
RHGCL,45,14,10,,
NBL,34,21,10,,
HDHPC,35,28,400,,
DORDI,57,42,10,,
KBL,5,33,42,,
KBL,57,33,133,,
KBL,49,33,300,,
KBL,3,33,25,,
KBL,51,33,200,,
KBL,57,33,100,,
MLBL,58,49,100,,
NIFRA,29,49,21,,
NGPL,44,45,180,,
NGPL,45,45,15,,
NGPL,13,45,805,,
NIFRA,47,29,100,,
RHGCL,38,19,10,,
BARUN,52,14,200,,
HDHPC,39,28,500,,
NABIL,42,42,20,,
BHDC,50,58,10,,
BHDC,50,52,10,,
BHDC,50,49,10,,
BHDC,50,58,10,,
HDHPC,44,44,400,,
MKJC,6,41,10,,
USHEC,45,20,10,,
CLBSL,6,28,241,,
CLBSL,33,28,100,,
CLBSL,57,28,30,,
CLBSL,38,28,100,,
CLBSL,7,28,15,,
CLBSL,1,28,500,,
CLBSL,35,28,10,,
RFPL,57,42,10,,
UPPER,7,58,10,,
SBL,38,45,200,,
RIDI,11,48,50,,
RIDI,35,48,100,,
RIDI,58,48,43,,
RIDI,54,48,11,,
RIDI,19,48,108,,
RIDI,19,48,30,,
RIDI,4,48,90,,
RHGCL,37,4,50,,
TPC,49,38,10,,
HHL,58,35,10,,
UPPER,7,56,10,,
NIFRA,47,58,44,,
MLBL,51,49,30,,
RHGCL,38,34,10,,
RMF1,58,46,200,,
SGHC,11,39,10,,
RHGCL,38,21,10,,
NUBL,25,16,10,,
NGPL,13,3,195,,
NGPL,7,3,80,,
NMFBS,45,1,50,,
NMFBS,26,1,10,,
NMFBS,58,1,50,,
NMFBS,34,1,10,,
NMFBS,43,1,10,,
NMFBS,49,1,50,,
NMFBS,46,1,80,,
NMFBS,29,1,10,,
NMFBS,57,1,12,,
NMFBS,25,1,10,,
SAHAS,32,38,10,,
PCBL,42,13,10,,
RIDI,4,58,10,,
UHEWA,20,49,10,,
SGHC,11,45,10,,
BARUN,45,14,10,,
AKPL,6,58,175,,
NTC,59,5,100,,
NIFRA,29,38,20,,
MFIL,41,56,20,,
SWBBL,56,55,44,,
SWBBL,39,55,49,,
SWBBL,54,55,10,,
SWBBL,6,55,10,,
SAHAS,32,42,10,,
RHGCL,45,54,10,,
UHEWA,20,58,10,,
RHGCL,58,4,20,,
NMB,33,33,109,,
NMB,20,33,35,,
NMB,34,33,56,,
GBBL,57,32,15,,
NABIL,11,19,90,,
RHGCL,48,4,10,,
AHPC,55,58,20,,
NHPC,49,58,593,,
NHPC,16,58,300,,
NHPC,32,58,2000,,
NHPC,4,58,110,,
NHPC,19,58,10,,
NHPC,18,58,50,,
NHPC,45,58,50,,
NHPC,54,58,200,,
NHPC,44,58,100,,
NHPC,43,58,500,,
NHPC,39,58,200,,
NHPC,45,58,12,,
NHPC,57,58,150,,
NHPC,22,58,100,,
NHPC,41,58,75,,
NHPC,34,58,100,,
NHPC,39,58,30,,
NHPC,44,58,100,,
NHPC,42,58,20,,
NHPC,47,58,100,,
NHPC,16,58,200,,
MHL,48,19,10,,
LICN,28,59,10,,
MPFL,52,49,224,,
MPFL,19,49,65,,
MPFL,19,49,200,,
PPCL,1,42,50,,
PROFL,14,8,65,,
PROFL,50,8,100,,
PROFL,50,8,140,,
RHGCL,45,44,10,,
MBJC,19,38,10,,
HDHPC,14,28,500,,
PPCL,43,47,26,,
MBL,41,34,100,,
MNBBL,34,58,10,,
MEN,29,43,10,,
PRVU,32,51,300,,
NRN,22,10,100,,
KRBL,42,32,25,,
RIDI,46,46,9,,
MNBBL,49,58,200,,
RHGCL,58,4,80,,
RHGCL,58,58,10,,
RHGCL,58,3,10,,
PCBL,56,13,14,,
HDHPC,45,28,445,,
BHDC,28,39,10,,
BBC,38,42,10,,
LICN,4,14,80,,
LICN,19,14,10,,
LICN,45,14,10,,
BPCL,14,57,15,,
BPCL,32,57,15,,
ALICL,21,8,100,,
ALICL,57,8,10,,
ALICL,28,8,100,,
ALICL,16,8,62,,
RHGCL,38,58,10,,
HHL,58,58,10,,
NABIL,48,19,20,,
NABIL,57,19,100,,
NABIL,3,19,25,,
NABIL,25,19,256,,
SAPDBL,41,45,20,,
RHGCL,38,52,10,,
UHEWA,20,36,10,,
NTC,59,58,295,,
RIDI,45,45,30,,
AKPL,6,58,200,,
NABIL,26,58,50,,
ADBL,34,6,10,,
IGI,46,55,40,,
TPC,49,53,10,,
TPC,49,33,10,,
MBJC,42,13,10,,
MBJC,57,13,20,,
KPCL,59,21,12,,
RHGCL,38,22,10,,
RHGCL,46,4,20,,
RHGCL,46,38,10,,
RHGCL,46,19,10,,
RHGCL,46,19,10,,
RHGCL,46,45,10,,
MHL,48,45,10,,
TPC,38,33,80,,
RHGCL,38,19,10,,
RHGCL,33,58,10,,
RADHI,49,34,17,,
DORDI,34,49,10,,
RHGCL,38,52,10,,
ICFC,49,41,10,,
RHGCL,38,32,10,,
NMB,34,29,23,,
JALPA,58,44,90,,
JALPA,47,44,30,,
NABIL,8,25,50,,
HDHPC,45,28,55,,
AKPL,10,58,100,,
USHEC,45,42,10,,
UHEWA,20,6,10,,
RADHI,42,34,242,,
MBL,26,34,255,,
KBL,58,45,500,,
AKPL,51,58,70,,
RHGCL,38,32,10,,
NHDL,20,10,100,,
HDHPC,18,28,106,,
CHL,42,42,250,,
AKPL,38,58,200,,
RHGCL,55,52,10,,
API,39,48,188,,
API,36,48,499,,
API,21,48,43,,
API,57,48,300,,
CMF1,19,58,200,,
RHGCL,55,45,10,,
RHGCL,55,16,10,,
RHGCL,8,32,10,,
RADHI,42,34,178,,
RADHI,56,34,500,,
RADHI,34,34,50,,
RADHI,33,34,60,,
RADHI,32,34,100,,
JFL,22,45,43,,
SGHC,11,6,10,,
RHGCL,44,34,10,,
DORDI,34,49,10,,
RHGCL,55,41,10,,
RHGCL,55,10,10,,
HDHPC,18,43,55,,
SICL,55,22,180,,
SJCL,34,49,60,,
SJCL,58,49,500,,
SJCL,3,49,100,,
SJCL,48,49,40,,
SJCL,48,49,40,,
RHGCL,55,52,10,,
SJCL,32,49,63,,
MHL,48,41,10,,
SAHAS,55,33,10,,
NUBL,13,17,1,,
BHDC,28,35,10,,
NRIC,57,7,50,,
JALPA,51,39,150,,
HHL,58,6,10,,
NIFRA,29,21,64,,
MBL,46,34,120,,
RHGCL,55,42,10,,
HIDCL,50,43,770,,
RHGCL,55,52,10,,
RHGCL,55,42,10,,
AKPL,38,58,10,,
AKPL,43,58,100,,
AKPL,45,58,20,,
AKPL,45,58,20,,
AKPL,19,58,50,,
AKPL,8,58,200,,
AKPL,50,58,1000,,
AKPL,25,58,100,,
AKPL,52,58,15,,
AKPL,3,58,25,,
AKPL,29,58,200,,
AKPL,4,58,65,,
AKPL,7,58,50,,
RHGCL,55,10,10,,
AHPC,42,58,30,,
FOWAD,45,16,15,,
FOWAD,16,16,10,,
RHGCL,55,32,10,,
NESDO,49,49,10,,
MFIL,45,56,50,,
NLICL,41,21,20,,
MHL,48,32,10,,
NTC,58,43,50,,
RHGCL,55,58,10,,
NLIC,34,13,20,,
NLIC,49,13,10,,
NLIC,4,13,10,,
NLIC,58,13,30,,
MBJC,57,35,10,,
KSBBL,58,36,99,,
KSBBL,10,36,100,,
KSBBL,53,36,10,,
RHGCL,55,49,10,,
UHEWA,20,19,10,,
SBL,38,45,50,,
SANIMA,34,49,442,,
SANIMA,34,58,28,,
MBJC,58,56,10,,
NIFRA,29,51,54,,
MHL,48,35,10,,
RHGCL,55,10,10,,
USHEC,47,55,40,,
UHEWA,55,17,10,,
AKPL,56,8,17,,
MERO,49,38,100,,
RHGCL,55,32,10,,
SICL,6,22,20,,
GBBL,19,32,30,,
NTC,26,58,100,,
GUFL,32,58,55,,
RHGCL,55,14,10,,
ICFC,28,41,10,,
JBLB,49,58,4,,
JBLB,49,56,17,,
JFL,38,45,187,,
JFL,58,45,45,,
CGH,26,7,10,,
NIFRA,29,47,208,,
RHGCL,55,16,10,,
MLBL,48,49,50,,
RHGCL,55,32,10,,
KSBBL,1,16,25,,
API,42,35,108,,
NCCB,11,22,100,,
RHGCL,55,51,10,,
RHGCL,55,56,10,,
SWBBL,48,35,10,,
CGH,42,4,20,,
CGH,41,4,20,,
MBL,29,34,100,,
SABSL,42,50,13,,
SABSL,41,50,20,,
SABSL,5,50,50,,
SABSL,46,50,10,,
SABSL,46,50,10,,
SABSL,46,50,10,,
SABSL,50,50,17,,
SABSL,13,50,20,,
JFL,38,13,13,,
PRVU,4,51,30,,
UPPER,11,48,30,,
MBJC,57,58,10,,
KBL,42,45,30,,
CIT,56,58,10,,
CIT,34,58,10,,
CIT,44,58,10,,
CIT,54,58,50,,
CIT,26,58,10,,
CIT,56,58,20,,
CIT,39,58,100,,
CIT,49,58,30,,
CIT,38,58,20,,
CIT,42,58,20,,
CIT,49,58,10,,
CIT,19,58,100,,
CIT,28,58,25,,
CIT,53,58,14,,
CIT,4,58,10,,
CIT,32,58,30,,
CIT,7,58,10,,
CIT,52,58,10,,
CIT,47,58,11,,
RHGCL,51,10,10,,
RHGCL,51,58,10,,
RHGCL,51,58,10,,
CZBIL,1,41,89,,
CZBIL,17,41,50,,
CZBIL,39,41,50,,
CZBIL,33,41,25,,
CZBIL,7,41,30,,
CZBIL,58,41,10,,
CZBIL,26,41,20,,
RHGCL,8,58,10,,
RHGCL,8,25,10,,
RHGCL,8,4,10,,
LBBL,22,58,20,,
CGH,55,4,20,,
NESDO,28,51,10,,
MSLB,33,51,27,,
MSLB,34,51,20,,
RHGCL,34,58,10,,
CIT,47,57,14,,
SHIVM,17,49,38,,
SHIVM,17,56,162,,
NBF3,1,45,100,,
RHGCL,34,6,10,,
ADBL,45,6,10,,
NICA,33,44,40,,
RHGCL,34,10,10,,
CHDC,26,33,10,,
NABIL,41,58,13,,
NESDO,21,28,50,,
NESDO,21,28,100,,
NLIC,57,6,50,,
ADBL,16,6,290,,
HDHPC,25,28,100,,
HDHPC,22,28,50,,
CGH,16,4,10,,
SGHC,11,45,10,,
HIDCL,50,32,91,,
SBL,38,42,50,,
SBL,13,42,100,,
SGHC,11,49,10,,
UNHPL,57,58,650,,
UNHPL,57,58,150,,
NCCB,56,22,10,,
NCCB,56,57,90,,
USHEC,47,44,10,,
SRBL,51,7,10,,
SRBL,51,41,20,,
SRBL,51,55,500,,
SRBL,51,57,1000,,
SRBL,51,16,500,,
NHPC,58,36,200,,
PRVU,52,51,30,,
PRVU,42,51,26,,
RHGCL,34,28,10,,
RHGCL,34,10,10,,
RHGCL,34,38,10,,
RHGCL,34,6,10,,
NGPL,7,6,20,,
HIDCL,44,39,10,,
PRVU,22,51,26,,
BHDC,28,48,10,,
RHGCL,34,56,10,,
CBBL,58,34,10,,
UPPER,21,42,200,,
RHGCL,51,16,10,,
RHGCL,51,6,10,,
NIFRA,29,28,64,,
ADBL,16,58,60,,
ADBL,16,34,150,,
RHGCL,34,35,10,,
NABIL,55,58,10,,
HIDCL,8,39,20,,
RHGCL,34,7,10,,
RHGCL,34,45,10,,
DORDI,34,34,10,,
OHL,55,17,10,,
OHL,55,25,200,,
OHL,55,17,30,,
SGHC,11,39,10,,
RIDI,45,38,470,,
RHGCL,34,6,10,,
RHGCL,34,46,10,,
NESDO,21,58,10,,
UHEWA,42,58,10,,
JALPA,28,34,10,,
HIDCL,50,41,126,,
HIDCL,40,41,100,,
HIDCL,58,41,50,,
HIDCL,11,41,10,,
HIDCL,16,41,200,,
NMB,57,8,45,,
NMB,57,1,300,,
NMB,57,57,87,,
NMB,57,4,68,,
ICFC,28,32,30,,
ICFC,8,32,60,,
RHGCL,34,45,10,,
UHEWA,42,51,10,,
HDHPC,39,28,100,,
HDHPC,28,28,200,,
HDHPC,48,28,300,,
RHGCL,34,10,10,,
PCBL,7,13,144,,
PCBL,7,22,56,,
USHEC,47,57,10,,
RHGCL,34,39,10,,
PPCL,43,47,100,,
PPCL,29,47,15,,
SICL,38,48,99,,
SAHAS,55,48,10,,
SAEF,43,45,2500,,
SAEF,25,45,1000,,
CZBIL,52,35,50,,
CZBIL,51,35,200,,
SGHC,58,35,10,,
SGHC,58,34,10,,
UHEWA,42,39,10,,
NIFRA,29,13,54,,
HDHPC,25,28,500,,
HDHPC,36,28,10,,
USHEC,47,58,10,,
NTC,52,58,55,,
RHGCL,34,6,10,,
RHGCL,45,38,10,,
RHGCL,45,58,10,,
RHGCL,45,43,10,,
RHGCL,45,34,10,,
RHGCL,45,21,10,,
RHGCL,45,46,10,,
NABIL,25,16,100,,
HIDCL,56,39,15,,
NLIC,22,11,18,,
PCBL,57,45,20,,
LICN,28,44,10,,
LBBL,35,58,39,,
HEI,55,34,240,,
HEI,58,34,100,,
HEI,58,34,13,,
HEI,58,34,200,,
HEI,58,34,15,,
NLIC,50,13,230,,
SRBL,57,13,11,,
CBBL,58,34,10,,
HDHPC,50,28,50,,
HDHPC,22,28,50,,
ULBSL,57,47,10,,
FOWAD,16,40,40,,
FOWAD,29,40,10,,
FOWAD,57,40,10,,
FOWAD,48,40,10,,
FOWAD,8,40,30,,
UHEWA,42,38,10,,
RHGCL,6,38,10,,
LBL,26,13,56,,
MLBL,53,49,1000,,
RHGCL,6,10,10,,
RFPL,13,49,10,,
CBBL,58,58,20,,
NABIL,25,58,12,,
SHEL,22,41,10,,
MBL,42,44,95,,
HDHPC,22,28,60,,
HDHPC,34,28,240,,
SINDU,46,7,100,,
NHPC,45,58,27,,
BHL,32,19,10,,
BHL,32,4,10,,
BHL,32,57,10,,
BHL,32,7,10,,
RHGCL,52,38,10,,
NIL,53,41,23,,
NIL,53,33,57,,
FOWAD,48,28,10,,
FOWAD,19,28,23,,
AKPL,26,19,50,,
JALPA,51,46,40,,
ICFC,32,54,90,,
ICFC,28,41,190,,
NBL,41,58,140,,
NBL,41,13,10,,
NRIC,45,28,80,,
HDHPC,34,28,191,,
HDHPC,25,28,300,,
RHGCL,45,6,10,,
RHGCL,45,58,10,,
UPPER,49,39,15,,
RHGCL,51,58,10,,
RHGCL,36,10,10,,
RHGCL,36,38,10,,
UHEWA,43,35,10,,
TPC,21,45,200,,
SAHAS,32,48,10,,
SANIMA,1,58,15,,
HHL,58,28,10,,
NABIL,41,58,25,,
RHGCL,36,58,10,,
SFCL,6,19,50,,
NIFRA,19,32,18,,
NICA,34,44,20,,
RHGCL,36,16,10,,
UHEWA,43,46,10,,
RHGCL,36,57,10,,
HDHPC,22,28,100,,
NIFRA,51,32,36,,
RHGCL,36,45,10,,
UPPER,49,59,20,,
UPPER,49,59,10,,
UPPER,52,59,10,,
NABIL,25,22,60,,
NTC,49,58,20,,
RHGCL,36,6,10,,
NIL,53,57,50,,
JALPA,51,50,100,,
JALPA,58,50,10,,
RHGCL,36,58,10,,
SGHC,56,38,10,,
SANIMA,21,58,25,,
RHGCL,36,4,10,,
NIFRA,51,53,64,,
RHGCL,36,6,10,,
NCCB,56,22,10,,
JBBL,34,41,15,,
RHGCL,36,35,10,,
NABIL,45,58,500,,
RHGCL,36,58,10,,
RHGCL,36,42,10,,
SGHC,56,34,10,,
RHGCL,36,32,10,,
NLBBL,41,51,84,,
BHDC,43,58,10,,
RHGCL,36,6,10,,
RHGCL,36,45,10,,
SHPC,16,49,215,,
RHGCL,36,22,10,,
LBBL,41,16,10,,
NIFRA,51,29,20,,
BHL,39,16,10,,
RHGCL,36,58,10,,
SHPC,6,49,500,,
LICN,45,28,20,,
LICN,58,28,50,,
LICN,26,28,40,,
LICN,22,28,100,,
LICN,25,28,10,,
LICN,41,28,30,,
NTC,4,58,30,,
ALICL,54,10,33,,
ALICL,11,10,10,,
ALICL,38,10,200,,
SGHC,56,58,10,,
BPCL,14,32,14,,
RHGCL,36,58,10,,
RHGCL,36,6,10,,
SHPC,3,49,1000,,
MLBSL,49,32,18,,
MLBSL,49,13,20,,
RHGCL,36,56,10,,
BHL,39,44,10,,
API,32,21,35,,
RHGCL,36,10,10,,
NIL,53,33,100,,
UHEWA,43,58,10,,
PRVU,42,13,37,,
PRVU,58,13,30,,
NLBBL,51,51,30,,
RHGCL,36,32,10,,
SHPC,11,49,3000,,
SPC,28,7,37,,
SPC,49,7,10,,
NLG,41,45,74,,
RHGCL,36,45,10,,
MFIL,57,56,10,,
RHGCL,36,13,10,,
PRVU,58,51,100,,
PRVU,41,51,1500,,
PRVU,41,51,100,,
PRVU,38,51,1000,,
PRVU,58,51,49,,
PRVU,38,51,200,,
PRVU,3,51,40,,
PRVU,32,51,2000,,
PRVU,33,51,10,,
PRVU,53,51,10,,
PRVU,51,51,200,,
RHGCL,36,58,10,,
RHGCL,36,6,10,,
SHPC,6,49,500,,
SANIMA,59,58,10,,
SHPC,34,49,200,,
JOSHI,34,46,152,,
RHGCL,36,58,10,,
ENL,25,57,10,,
NABIL,57,58,10,,
RHGCL,36,32,10,,
RHGCL,36,58,10,,
RHGCL,6,50,10,,
RHGCL,57,58,10,,
BHL,57,29,10,,
NLG,41,45,50,,
NLG,46,45,76,,
MPFL,47,38,90,,
API,32,28,461,,
API,25,28,200,,
API,54,28,289,,
API,1,28,50,,
SHPC,6,49,1000,,
SHPC,22,49,200,,
HDHPC,34,38,69,,
RHGCL,42,6,10,,
HDHPC,34,38,35,,
RIDI,59,38,30,,
RIDI,59,44,70,,
SGHC,56,22,10,,
SHPC,34,49,200,,
NTC,58,28,300,,
RHGCL,34,29,10,,
RHGCL,6,58,10,,
HIDCL,51,39,200,,
SLBBL,14,21,200,,
SLBBL,49,21,30,,
SLBBL,17,21,10,,
SLBBL,37,21,10,,
SLBBL,26,21,10,,
SLBBL,14,21,40,,
RHGCL,21,58,10,,
SHPC,6,49,500,,
STC,26,28,20,,
STC,42,28,20,,
STC,6,28,10,,
RHGCL,21,38,10,,
RHGCL,21,32,10,,
LBL,57,13,50,,
LBL,42,13,359,,
LBL,33,13,10,,
LBL,52,13,25,,
NBL,58,56,100,,
NIL,53,33,45,,
NABIL,47,58,89,,
NIL,53,58,55,,
NABIL,47,58,11,,
NABIL,47,48,100,,
RHGCL,21,46,10,,
SGHC,56,58,10,,
API,49,47,48,,
SHPC,41,49,1000,,
SHPC,6,49,500,,
RHGCL,51,58,10,,
LBBL,57,13,10,,
NMB,33,1,200,,
MPFL,38,38,10,,
SBL,38,44,530,,
SBL,49,44,100,,
SBL,29,44,100,,
SBL,57,44,50,,
SBL,34,44,10,,
SBL,49,44,25,,
SBL,6,44,10,,
SBL,6,44,10,,
SBL,45,44,65,,
SBL,58,44,100,,
HDHPC,57,44,160,,
DORDI,34,45,171,,
DORDI,5,45,180,,
MBJC,57,35,10,,
CBBL,58,58,30,,
CBBL,36,58,10,,
CBBL,1,58,10,,
SHINE,42,32,100,,
LEMF,59,51,880,,
NBL,58,58,50,,
RHGCL,21,32,10,,
TPC,21,45,40,,
TPC,42,45,70,,
TPC,56,45,180,,
TPC,34,45,100,,
TPC,3,45,40,,
TPC,39,45,20,,
TPC,25,45,50,,
NBF3,1,45,100,,
RHGCL,21,6,10,,
SANIMA,41,46,420,,
SANIMA,13,46,20,,
RHGCL,21,58,10,,
NCCB,16,45,150,,
NCCB,29,45,100,,
NCCB,4,45,200,,
RHGCL,21,10,10,,
RHGCL,21,7,10,,
MHL,57,49,10,,
RHGCL,21,4,10,,
MBJC,57,35,10,,
RHGCL,34,56,10,,
NICA,51,43,40,,
SHIVM,44,8,100,,
SHIVM,56,56,38,,
RHGCL,1,19,10,,
RHGCL,1,38,10,,
RHGCL,1,6,10,,
RHGCL,1,32,10,,
NLBBL,17,51,46,,
RHGCL,57,58,10,,
RHGCL,57,6,10,,
SAHAS,49,56,10,,
ADBL,35,14,520,,
RHGCL,56,56,10,,
UPPER,58,59,32,,
MBL,32,44,20,,
SHPC,11,49,1000,,
RIDI,52,44,100,,
RHGCL,1,58,10,,
GBBL,51,38,50,,
HIDCL,17,39,44,,
NLIC,50,20,236,,
MEN,34,56,50,,
MEN,57,56,10,,
MBJC,57,35,10,,
RHGCL,32,32,10,,
SHPC,14,49,50,,
SHIVM,44,8,90,,
SHIVM,59,8,10,,
RHGCL,32,10,10,,
RHGCL,32,6,10,,
SIFC,41,14,100,,
SGHC,56,58,10,,
SANIMA,52,37,19,,
SANIMA,28,37,480,,
SHPC,53,49,300,,
NLIC,50,52,34,,
RHGCL,57,44,10,,
RHGCL,32,14,10,,
BHL,39,58,10,,
RHGCL,32,6,10,,
BHDC,43,52,10,,
MBJC,57,6,30,,
MBJC,43,6,160,,
DORDI,17,37,10,,
SBL,58,45,29,,
UPPER,52,59,30,,
NRIC,49,51,100,,
RFPL,29,58,10,,
RHGCL,32,43,10,,
RHGCL,32,35,10,,
IGI,14,42,42,,
IGI,56,42,50,,
IGI,57,42,300,,
IGI,47,42,500,,
IGI,13,42,500,,
IGI,56,42,50,,
IGI,21,42,58,,
RHGCL,32,56,10,,
NBL,45,58,10,,
SHIVM,6,56,200,,
SGHC,56,57,10,,
RHGCL,32,10,10,,
MHL,57,37,10,,
NBL,41,58,300,,
JBLB,42,38,5,,
UHEWA,43,47,10,,
MBJC,43,29,10,,
CHL,40,26,100,,
SHPC,49,49,50,,
SHPC,58,49,27,,
SHPC,47,49,100,,
SHPC,57,49,50,,
SHPC,22,49,170,,
SHPC,34,49,100,,
SHPC,33,49,100,,
SHPC,10,49,160,,
SHPC,20,49,30,,
SHPC,53,49,50,,
SHPC,48,49,15,,
SHPC,34,49,500,,
SHPC,49,49,22,,
SHPC,51,49,1000,,
SHPC,39,49,100,,
SHPC,41,49,300,,
SHPC,22,49,170,,
SHPC,44,49,100,,
SHPC,38,49,20,,
SHPC,47,49,250,,
SHPC,4,49,15,,
SHPC,55,49,25,,
SHPC,22,49,170,,
SHPC,14,49,300,,
SHPC,50,49,500,,
SHPC,3,49,200,,
SHPC,44,49,100,,
SHPC,46,49,25,,
SHPC,52,49,100,,
SHPC,58,49,164,,
SHPC,22,49,170,,
SHPC,55,49,50,,
SHPC,7,49,100,,
SHPC,6,49,500,,
SHPC,52,49,300,,
SHPC,7,49,100,,
SHPC,52,49,25,,
SHPC,4,49,315,,
SHPC,36,49,285,,
SHPC,51,49,15,,
SHPC,25,49,20,,
RHGCL,32,32,10,,
RHGCL,32,49,10,,
NICGF,43,51,500,,
RHGCL,32,6,10,,
RIDI,50,44,30,,
EDBL,58,17,105,,
SHPC,42,26,100,,
SHPC,42,52,30,,
SHPC,42,1,55,,
RHGCL,42,58,10,,
SHPC,42,1,15,,
RHGCL,42,58,10,,
BFC,4,41,30,,
BFC,42,41,40,,
API,54,41,11,,
MHL,48,56,10,,
MHL,48,57,10,,
MHL,48,17,10,,
MHL,48,47,10,,
MHL,48,22,10,,
MHL,48,49,10,,
MHL,48,25,10,,
MHL,48,26,50,,
USHEC,47,56,10,,
UHEWA,43,17,10,,
NESDO,21,28,20,,
RHGCL,32,37,10,,
RHGCL,32,6,10,,
USHEC,47,56,10,,
RIDI,8,43,93,,
RHGCL,32,58,10,,
RHGCL,32,49,10,,
RHGCL,32,49,10,,
MFIL,58,52,18,,
RHGCL,32,32,10,,
AHPC,57,58,50,,
NSLB,49,6,20,,
API,6,47,287,,
API,6,35,25,,
API,6,6,34,,
API,6,22,150,,
API,6,50,469,,
API,6,41,35,,
SGHC,56,38,10,,
IGI,21,46,242,,
IGI,19,46,16,,
IGI,50,46,26,,
IGI,21,46,10,,
USHEC,47,58,10,,
SLBSL,57,14,10,,
RHGCL,32,34,10,,
RHGCL,32,10,10,,
SHINE,42,40,85,,
SHINE,13,40,54,,
RHGCL,32,6,10,,
RHGCL,32,58,10,,
BNT,56,37,10,,
USHEC,47,29,10,,
USHEC,47,56,1600,,
SPDL,45,36,100,,
RHGCL,32,34,10,,
RHGCL,32,53,700,,
RHGCL,32,49,10,,
SHEL,22,37,10,,
SGHC,56,59,10,,
RHGCL,32,58,10,,
RHGCL,32,6,10,,
NESDO,45,28,40,,
SAHAS,55,21,10,,
RSDC,43,42,120,,
RHGCL,32,58,10,,
RHGCL,29,29,10,,
RHGCL,32,4,10,,
RHGCL,32,32,10,,
SBL,49,45,20,,
RHGCL,32,34,10,,
MBJC,43,32,10,,
API,58,41,12,,
EDBL,58,49,90,,
RHGCL,32,49,10,,
RHGCL,32,58,10,,
TPC,39,37,10,,
FMDBL,1,42,1500,,
FMDBL,59,42,30,,
PRVU,7,49,185,,
PRVU,7,51,855,,
NESDO,35,28,20,,
NICSF,14,10,100,,
RFPL,29,32,10,,
HDHPC,39,44,1000,,
NLIC,6,41,10,,
BHL,39,29,10,,
AKPL,48,19,100,,
RHGCL,32,10,10,,
TPC,51,34,36,,
MHL,57,56,10,,
RHGCL,32,58,10,,
RHGCL,34,34,10,,
UPCL,21,49,40,,
RHGCL,34,32,10,,
ADBL,49,14,10,,
SGHC,56,32,10,,
JALPA,58,58,10,,
NESDO,58,28,20,,
HDL,39,35,53,,
RHGCL,34,35,58,,
USHEC,47,34,10,,
NRIC,1,51,50,,
RFPL,29,38,10,,
DORDI,5,32,10,,
API,51,1,10,,
SINDU,46,8,10,,
TPC,51,45,10,,
RHGCL,34,10,10,,
PCBL,58,45,40,,
RHGCL,34,58,10,,
RHGCL,32,58,10,,
BHDC,43,38,10,,
BHL,39,32,10,,
SAHAS,55,51,10,,
SBL,44,45,32,,
RFPL,29,29,10,,
NIFRA,47,54,6,,
NIFRA,47,56,19,,
BHL,39,57,10,,
BHDC,50,35,10,,
BHDC,50,16,10,,
BHDC,50,17,10,,
BHDC,50,46,10,,
SDLBSL,21,43,10,,
USHEC,47,58,10,,
SFCL,19,32,60,,
DHPL,52,56,100,,
UMHL,58,53,14,,
SHIVM,42,56,10,,
GVL,25,45,10,,
RHGCL,32,10,10,,
NABIL,25,40,129,,
RHGCL,32,36,10,,
UHEWA,22,14,10,,
RHGCL,32,21,10,,
RHGCL,32,39,10,,
UHEWA,22,57,10,,
GUFL,28,45,14,,
NFS,49,59,575,,
SICL,45,34,30,,
UHEWA,43,45,10,,
HIDCL,42,39,102,,
RMF1,38,10,100,,
MFIL,55,58,15,,
MFIL,55,51,25,,
MFIL,55,35,10,,
SAHAS,58,38,10,,
SAHAS,58,49,10,,
SADBL,6,38,23,,
NTC,58,48,1980,,
NTC,19,48,20,,
NTC,58,28,28,,
RIDI,40,44,200,,
HDHPC,29,44,10,,
HDHPC,29,47,200,,
RHGCL,32,21,10,,
RHGCL,25,43,190,,
RHGCL,25,58,10,,
RHGCL,55,32,10,,
RADHI,49,8,20,,
RADHI,35,8,180,,
EBL,33,14,160,,
ENL,49,45,10,,
UHEWA,22,41,10,,
HHL,55,49,205,,
RHGCL,55,42,10,,
NGPL,47,57,100,,
KKHC,29,28,30,,
NMBMF,29,45,10,,
UHEWA,22,38,10,,
RHGCL,55,58,10,,
UHEWA,22,58,10,,
JBBL,13,52,100,,
JBBL,52,52,200,,
JBBL,59,52,100,,
JBBL,57,52,150,,
SICL,6,34,120,,
SICL,6,13,80,,
ICFC,41,25,50,,
UHEWA,22,17,10,,
RHGCL,57,43,50,,
RHGCL,57,58,10,,
RHGCL,57,6,10,,
SBL,26,45,10,,
RHGCL,55,21,10,,
RHGCL,55,10,10,,
SINDU,46,57,50,,
EDBL,19,17,50,,
RHGCL,55,16,10,,
API,34,34,200,,
API,26,34,200,,
API,22,34,100,,
JBLB,38,13,10,,
RHGCL,55,32,10,,
MEN,49,25,10,,
RHGCL,55,57,10,,
NRN,32,36,30,,
NRN,44,36,10,,
NRN,55,36,10,,
NRN,44,36,50,,
RIDI,58,44,100,,
LBBL,6,29,125,,
SLBBL,14,52,10,,
MERO,55,41,10,,
HHL,55,46,10,,
NIFRA,4,38,10,,
NGPL,3,3,300,,
NGPL,1,3,750,,
NGPL,4,3,500,,
NGPL,44,3,25,,
NGPL,21,3,10,,
NGPL,22,3,30,,
NGPL,58,3,10,,
JBBL,57,45,100,,
NABIL,25,52,10,,
NTC,49,34,100,,
RHGCL,55,21,10,,
RHGCL,55,49,10,,
UIC,37,38,130,,
MMF1,49,10,100,,
AKPL,39,19,20,,
CIT,7,51,20,,
UHEWA,43,35,10,,
RHGCL,55,35,10,,
MHL,57,6,10,,
PRVU,56,51,76,,
NGPL,58,35,10,,
UPPER,33,39,14,,
PCBL,56,45,10,,
CFCL,32,26,50,,
RHGCL,55,38,10,,
MBJC,28,58,10,,
MBJC,28,57,10,,
MBJC,28,58,10,,
MBJC,28,45,15,,
USHEC,47,46,10,,
NRIC,10,51,10,,
MBL,26,44,10,,
SICL,45,13,20,,
HIDCL,26,39,50,,
NABIL,25,58,133,,
RHGCL,55,21,10,,
RHGCL,55,7,10,,
CFCL,33,26,160,,
CFCL,49,26,30,,
CFCL,36,26,460,,
CFCL,35,26,10,,
CFCL,58,26,111,,
CFCL,7,26,50,,
RHGCL,55,10,10,,
KSBBL,10,16,100,,
UPCL,22,57,195,,
RHGCL,48,19,10,,
RHGCL,48,58,10,,
RHGCL,48,6,10,,
RHGCL,48,58,10,,
RHGCL,48,8,10,,
RHGCL,48,4,135,,
RHGCL,48,58,10,,
RHGCL,6,38,10,,
SAHAS,49,38,10,,
SLBBL,45,52,20,,
SLBBL,17,52,20,,
RHGCL,6,53,300,,
AKPL,52,19,10,,
RHGCL,6,32,10,,
PCBL,57,13,32,,
PCBL,22,13,50,,
PCBL,42,13,15,,
GUFL,42,45,100,,
GUFL,38,45,50,,
GUFL,7,45,10,,
GUFL,3,45,50,,
RIDI,40,44,1500,,
SRBL,34,6,20,,
RHGCL,6,49,10,,
RHGCL,6,21,10,,
DORDI,5,45,10,,
RADHI,48,8,200,,
RHGCL,6,33,10,,
RIDI,19,49,50,,
RIDI,44,49,50,,
RIDI,5,49,100,,
CIT,37,51,17,,
ICFC,41,32,10,,
RHGCL,6,38,10,,
MHL,57,6,10,,
USHEC,47,45,10,,
SAHAS,49,45,10,,
NLG,46,26,24,,
NLG,46,26,476,,
API,58,50,10,,
RHGCL,6,10,10,,
NABIL,26,17,10,,
NICLBSL,17,45,10,,
RHGCL,6,32,10,,
RHGCL,6,21,10,,
UHEWA,43,58,10,,
RHGCL,42,4,105,,
GUFL,17,45,100,,
UHEWA,22,58,10,,
RHGCL,6,21,10,,
AKJCL,54,59,70,,
AKJCL,48,59,50,,
AKJCL,50,59,20,,
AKJCL,41,59,10,,
MBL,58,44,21,,
API,53,58,136,,
API,55,58,500,,
API,56,58,155,,
API,57,58,100,,
API,57,58,1000,,
API,38,58,400,,
API,57,58,35,,
API,45,58,10,,
API,28,58,351,,
NABIL,49,17,25,,
LBBL,42,34,10,,
LBBL,34,34,490,,
LBBL,42,34,50,,
LBBL,42,34,50,,
RHGCL,6,21,10,,
USHEC,47,57,10,,
API,28,45,47,,
RHGCL,6,43,10,,
SHPC,36,52,15,,
BHL,39,7,10,,
MLBL,4,58,100,,
RHGCL,6,10,10,,
SGHC,58,34,60,,
AKPL,58,19,59,,
RHGCL,35,58,10,,
NBF3,1,10,100,,
SBL,58,45,35,,
MBJC,42,56,10,,
GUFL,34,45,50,,
RIDI,19,38,42,,
RIDI,32,38,20,,
HHL,42,38,30,,
RHGCL,6,21,10,,
GUFL,50,45,50,,
MDB,57,57,98,,
MDB,42,57,10,,
RHGCL,6,42,10,,
NABIL,8,52,26,,
SJCL,32,53,12,,
SJCL,21,53,18,,
SJCL,28,53,10,,
BPCL,41,42,10,,
RFPL,29,55,10,,
MNBBL,49,13,30,,
RHGCL,6,29,10,,
RHGCL,34,11,10,,
SCB,35,5,50,,
AHPC,52,16,100,,
NTC,53,58,500,,
AKPL,19,19,100,,
NESDO,39,7,10,,
RHGCL,34,43,10,,
HIDCL,58,26,109,,
GVL,25,38,10,,
SMFDB,58,58,10,,
SMFDB,21,58,10,,
SICL,55,33,200,,
SICL,55,36,30,,
FOWAD,14,34,17,,
FOWAD,52,34,25,,
RHGCL,58,21,10,,
FOWAD,35,34,58,,
JBLB,45,19,10,,
UIC,10,26,100,,
NYADI,58,49,10,,
NIFRA,49,54,10,,
SWBBL,52,10,100,,
HDHPC,57,45,50,,
MHL,57,34,10,,
NHPC,33,45,40,,
HDHPC,34,44,465,,
HDHPC,3,44,500,,
HDHPC,58,44,245,,
HDHPC,22,44,100,,
HDHPC,58,44,50,,
HDHPC,39,44,40,,
MLBSL,38,13,10,,
HHL,42,58,10,,
HHL,42,34,10,,
JFL,22,26,248,,
JFL,19,26,70,,
JFL,52,26,50,,
JFL,52,26,500,,
JFL,51,26,100,,
JFL,49,26,20,,
JFL,34,26,12,,
CHDC,42,17,26,,
CHDC,48,17,29,,
CHDC,7,17,25,,
RHGCL,58,21,10,,
NIFRA,4,41,10,,
ADBL,58,14,10,,
RHGCL,48,4,35,,
RHGCL,4,4,10,,
RHGCL,25,4,470,,
RHGCL,55,4,100,,
RHGCL,34,4,60,,
RHGCL,42,4,50,,
RHGCL,33,4,35,,
RHGCL,33,43,10,,
CORBL,49,34,50,,
RHGCL,33,58,10,,
HDL,39,49,47,,
UPPER,33,18,30,,
RSDC,22,58,25,,
MNBBL,39,44,23,,
MHL,57,51,10,,
NHDL,34,47,50,,
SADBL,56,38,30,,
RHGCL,33,21,10,,
AKPL,19,19,126,,
UIC,37,34,490,,
SHPC,37,52,10,,
RHGCL,33,58,10,,
RHGCL,33,45,10,,
RHGCL,33,35,10,,
RHGCL,33,16,10,,
UHEWA,22,11,10,,
PSF,56,10,100,,
GUFL,17,45,100,,
GUFL,53,45,166,,
GUFL,36,45,10,,
GBLBS,29,34,90,,
PCBL,56,45,25,,
RHGCL,43,10,10,,
NLBBL,17,58,19,,
NLBBL,42,58,16,,
RHGCL,43,21,10,,
SAHAS,49,6,10,,
NTC,5,21,75,,
MBJC,43,54,10,,
RMF1,41,1,1000,,
NTC,58,58,30,,
NFS,29,10,200,,
NTC,58,40,500,,
MHL,57,58,10,,
NICA,56,44,100,,
MFIL,34,35,10,,
MEN,57,22,10,,
RHGCL,43,21,10,,
NIFRA,1,6,64,,
SRBL,38,6,980,,
SRBL,38,29,20,,
NTC,20,21,100,,
HDHPC,50,45,50,,
RHGCL,43,10,10,,
SHEL,22,11,10,,
UHEWA,26,56,10,,
RHGCL,58,58,10,,
HIDCL,43,26,164,,
HIDCL,43,45,36,,
EBL,22,11,195,,
NBL,58,21,60,,
RHGCL,28,21,10,,
SHEL,52,43,20,,
SHEL,52,42,10,,
SHEL,52,7,10,,
MBJC,43,49,10,,
RULB,19,45,190,,
RULB,19,58,10,,
DHPL,11,35,50,,
RHGCL,28,16,10,,
AHPC,25,1,210,,
SANIMA,28,43,20,,
KEF,39,58,100,,
NLIC,58,41,10,,
SGHC,11,11,10,,
GVL,25,56,10,,
HDL,49,10,50,,
BARUN,45,59,10,,
RHGCL,43,21,10,,
UHEWA,43,46,10,,
LICN,26,14,60,,
JBBL,34,42,200,,
GUFL,36,57,270,,
GUFL,34,57,10,,
MDB,45,40,300,,
KRBL,5,58,65,,
UPPER,52,18,10,,
RHGCL,34,39,10,,
RHGCL,34,21,10,,
USHEC,47,32,10,,
NABIL,42,17,25,,
SHL,26,17,100,,
HHL,58,39,10,,
DORDI,58,39,10,,
LICN,57,14,80,,
MLBL,6,58,40,,
RHGCL,34,36,10,,
MBJC,6,58,10,,
NCCB,36,33,44,,
NCCB,22,33,50,,
NCCB,44,33,100,,
NCCB,44,33,100,,
NCCB,42,33,40,,
NCCB,28,33,1000,,
NCCB,5,33,60,,
NCCB,49,33,100,,
NCCB,42,33,10,,
NCCB,1,33,500,,
NCCB,39,33,216,,
NCCB,28,33,500,,
NCCB,50,33,46,,
LICN,54,14,10,,
GVL,22,42,10,,
GVL,22,36,10,,
SANIMA,17,43,80,,
SANIMA,17,53,220,,
KBL,57,59,100,,
RHGCL,38,10,10,,
MBJC,6,45,500,,
RHGCL,35,57,10,,
MBJC,6,57,10,,
RHGCL,58,44,20,,
RIDI,5,4,55,,
NUBL,58,38,50,,
USHEC,47,32,10,,
RHGCL,58,58,9,,
SANIMA,50,53,80,,
LICN,57,14,80,,
BHDC,50,49,10,,
NRN,44,45,50,,
NCCB,50,52,54,,
GUFL,34,57,50,,
GUFL,35,57,20,,
GUFL,50,57,50,,
GUFL,56,57,100,,
NABIL,34,17,40,,
JBBL,34,42,250,,
JBBL,38,42,50,,
UHEWA,55,6,10,,
ICFC,21,44,10,,
RHGCL,35,10,10,,
SANIMA,3,53,55,,
KRBL,58,58,100,,
KRBL,58,58,100,,
MBJC,6,45,59,,
MBJC,16,45,21,,
MBJC,32,45,10,,
MBJC,11,45,50,,
MBJC,10,45,100,,
MBJC,19,45,100,,
MBJC,57,45,10,,
MBJC,5,45,10,,
MBJC,16,45,300,,
MBJC,39,45,180,,
MBJC,42,45,10,,
MBJC,6,45,150,,
CIT,56,51,72,,
CIT,56,48,28,,
AKPL,58,19,20,,
SGHC,11,39,10,,
AKPL,53,19,50,,
JBLB,44,28,26,,
JBLB,32,28,20,,
JBLB,58,28,10,,
JBLB,22,28,10,,
JBLB,22,28,30,,
JBLB,58,28,10,,
JBLB,19,28,14,,
JBLB,17,28,15,,
JBLB,58,28,10,,
JBLB,57,28,10,,
JBLB,35,28,10,,
JBLB,45,28,15,,
JBLB,52,28,10,,
JBLB,49,28,10,,
RHGCL,35,52,10,,
AKPL,53,19,150,,
AHPC,14,1,30,,
PFL,11,11,100,,
PFL,48,11,50,,
RHGCL,35,36,10,,
NMFBS,45,10,24,,
AKPL,7,19,50,,
SGHC,11,21,10,,
SAHAS,55,13,10,,
RHGCL,35,10,10,,
NYADI,58,34,10,,
MLBL,52,49,50,,
SPC,58,19,10,,
UHEWA,43,58,10,,
UHEWA,26,4,10,,
BHL,45,8,10,,
SPDL,53,36,200,,
API,56,46,45,,
API,41,46,100,,
API,6,46,255,,
NRIC,22,45,65,,
NRIC,34,45,100,,
KPCL,21,35,11,,
ADBL,56,6,100,,
UHEWA,22,26,10,,
MLBL,51,49,10,,
FOWAD,44,56,20,,
SANIMA,34,53,210,,
RHGCL,58,58,1,,
SGHC,11,39,10,,
BHDC,50,19,10,,
HHL,39,53,10,,
RSDC,55,42,10,,
RHGCL,25,36,10,,
RHGCL,26,44,150,,
RHGCL,26,10,10,,
RHGCL,26,42,10,,
RHGCL,26,39,10,,
RHGCL,26,51,10,,
RHGCL,26,49,10,,
BHDC,50,49,10,,
HHL,22,58,10,,
RLFL,52,47,50,,
RFPL,49,28,10,,
JFL,38,45,50,,
JOSHI,34,35,10,,
MMF1,49,34,8000,,
MMF1,35,34,600,,
ULBSL,51,22,10,,
SBI,58,59,15,,
SBI,58,46,33,,
MNBBL,58,44,200,,
UPPER,33,53,40,,
SGHC,11,32,10,,
RHGCL,25,50,10,,
HIDCL,38,45,30,,
UHEWA,22,59,10,,
RHGCL,58,58,10,,
NICL,57,36,10,,
NFS,1,8,399,,
SAPDBL,34,57,60,,
SRBL,36,35,596,,
SRBL,11,35,50,,
NICA,13,44,40,,
UHEWA,22,7,10,,
LICN,19,14,50,,
CHDC,7,14,40,,
CHDC,7,14,10,,
CHDC,7,14,70,,
HDHPC,58,49,160,,
GHL,39,38,100,,
GHL,40,38,100,,
RHGCL,25,36,10,,
JBLB,38,33,10,,
JBLB,50,33,35,,
API,6,34,200,,
API,32,34,200,,
HIDCL,41,45,124,,
SADBL,53,26,800,,
MKLB,47,6,10,,
NMBMF,41,58,66,,
NMBMF,18,58,25,,
SGHC,11,28,10,,
RHGCL,55,51,10,,
RHGCL,55,54,10,,
RHGCL,55,48,10,,
RHGCL,55,49,10,,
RHGCL,55,58,10,,
RHGCL,55,45,10,,
RHGCL,55,19,10,,
RHGCL,55,58,10,,
RHGCL,55,11,10,,
RHGCL,55,51,10,,
NRN,55,45,10,,
SINDU,46,8,90,,
SINDU,46,43,10,,
NCCB,58,33,10,,
UPPER,25,45,50,,
UPPER,25,58,34,,
RHGCL,58,41,10,,
BHL,45,35,10,,
MLBL,51,51,90,,
PFL,28,7,2,,
MHL,57,35,10,,
NIFRA,56,34,27,,
NIFRA,1,34,10,,
NIFRA,22,34,20,,
NIFRA,58,34,44,,
NIFRA,42,34,20,,
NIFRA,42,34,20,,
NIFRA,1,34,30,,
NIFRA,11,34,79,,
KSBBL,58,38,100,,
NTC,58,28,30,,
HURJA,38,49,193,,
MEN,58,56,10,,
MEN,17,56,200,,
MEN,57,56,10,,
MEN,59,56,50,,
MEN,49,56,20,,
MEN,35,56,50,,
MEN,14,56,50,,
MEN,47,56,500,,
MEN,7,56,30,,
MEN,34,56,20,,
MEN,41,56,100,,
RHGCL,38,11,10,,
HHL,48,42,10,,
NIFRA,16,54,1000,,
RHGCL,38,35,10,,
MBL,58,44,50,,
RLFL,42,16,897,,
RLFL,22,16,10,,
RLFL,55,16,20,,
RLFL,22,16,69,,
HDL,56,10,100,,
UPPER,52,58,20,,
BPCL,41,6,41,,
BPCL,55,6,19,,
UPPER,22,49,30,,
MLBL,51,51,10,,
NABIL,45,17,20,,
NBF3,1,6,200,,
RHGCL,38,11,10,,
RFPL,49,16,115,,
RFPL,29,16,115,,
RFPL,58,16,10,,
DORDI,29,39,10,,
HHL,48,49,10,,
UNHPL,19,47,100,,
LBL,52,26,15,,
NGPL,57,35,66,,
RHGCL,38,49,10,,
UPPER,25,58,50,,
MBL,58,44,18,,
MBL,58,52,42,,
NIL,13,55,16,,
NBL,58,49,62,,
ICFC,21,33,500,,
RHGCL,38,17,10,,
AHPC,25,1,10,,
SBL,58,45,24,,
NIFRA,42,54,36,,
NIFRA,34,54,56,,
BHL,45,6,10,,
GBLBS,13,45,10,,
NICL,34,36,10,,
UHEWA,22,38,10,,
NHPC,41,58,90,,
NHPC,6,58,200,,
NHPC,36,58,10,,
NHPC,1,58,200,,
NMBD2085,47,29,100,,
NMBD2085,1,29,50,,
CIT,28,58,25,,
CIT,36,58,15,,
CIT,7,58,10,,
CIT,39,58,30,,
CIT,39,58,30,,
CIT,32,58,20,,
LEC,45,48,100,,
UHEWA,22,58,10,,
NIFRA,34,13,44,,
BHDC,50,21,10,,
RHGCL,49,46,10,,
UHEWA,22,6,10,,
JBBL,33,29,100,,
ICFC,28,41,10,,
HHL,48,42,10,,
UPPER,45,39,40,,
GBBL,4,28,70,,
GBBL,13,28,30,,
ICFC,21,38,50,,
RHGCL,49,29,10,,
ADBL,41,14,300,,
SGHC,11,1,10,,
API,6,58,45,,
API,21,58,100,,
API,44,58,200,,
API,33,58,100,,
API,58,58,50,,
NIFRA,11,6,21,,
API,34,58,349,,
JFL,35,45,25,,
RHGCL,49,22,10,,
RFPL,26,16,260,,
SHIVM,58,5,10,,
SHIVM,58,56,30,,
SHIVM,58,52,10,,
SABSL,13,43,10,,
RIDI,55,54,498,,
RIDI,40,54,500,,
RIDI,34,54,35,,
RMDC,25,56,50,,
RHGCL,49,39,10,,
MLBS,18,21,10,,
RHGCL,25,58,10,,
RHGCL,25,3,10,,
RHGCL,25,47,10,,
RHGCL,25,58,10,,
RHGCL,25,49,10,,
RHGCL,25,14,10,,
RHGCL,25,59,10,,
RHGCL,25,22,10,,
RHGCL,25,21,10,,
RHGCL,25,58,10,,
RHGCL,25,42,10,,
RHGCL,25,10,10,,
RHGCL,25,52,10,,
RHGCL,25,8,10,,
RHGCL,25,7,10,,
RHGCL,25,48,10,,
RHGCL,25,32,10,,
RHGCL,25,22,10,,
RHGCL,25,22,10,,
RHGCL,25,22,10,,
RHGCL,25,58,10,,
RHGCL,25,4,10,,
RHGCL,25,35,10,,
RHGCL,25,35,10,,
RHGCL,25,43,160,,
RHGCL,25,58,10,,
RHGCL,25,22,10,,
RHGCL,25,10,10,,
RHGCL,25,58,10,,
MBJC,58,45,280,,
MBJC,58,52,20,,
RHGCL,49,22,10,,
API,44,50,100,,
NESDO,39,58,10,,
NCCB,39,58,284,,
NCCB,26,58,100,,
NCCB,57,58,10,,
NCCB,33,58,376,,
MLBL,52,51,50,,
RHGCL,58,57,10,,
RHGCL,58,3,10,,
RHGCL,58,58,10,,
RHGCL,58,56,10,,
RHGCL,58,58,10,,
ADBL,13,14,50,,
RHGCL,58,1,10,,
RHGCL,58,35,10,,
RHGCL,26,29,10,,
CIT,7,21,20,,
HIDCL,21,58,15,,
PCBL,56,45,10,,
MNBBL,17,58,13,,
MNBBL,3,58,10,,
MNBBL,49,58,10,,
MNBBL,51,58,167,,
NICA,45,44,50,,
NICA,45,57,25,,
NICA,45,44,25,,
MLBS,18,21,10,,
NLIC,21,41,152,,
NLIC,21,1,37,,
NLIC,21,57,11,,
NLIC,21,52,300,,
NLIC,21,21,100,,
NLIC,21,34,100,,
NFS,32,8,100,,
RHGCL,26,22,10,,
NIFRA,58,13,10,,
NIFRA,58,38,10,,
AKPL,10,45,56,,
MLBL,58,51,50,,
KKHC,58,28,50,,
MLBL,58,39,50,,
SPC,19,53,10,,
RHGCL,25,56,10,,
MPFL,17,49,200,,
MPFL,3,49,96,,
SHL,44,39,100,,
HDL,58,49,40,,
HDL,47,49,10,,
HDL,38,49,10,,
RHGCL,26,29,10,,
API,55,50,141,,
API,55,11,259,,
RHGCL,26,22,10,,
KBL,58,45,10,,
RHGCL,42,32,10,,
RHGCL,42,45,10,,
RHGCL,42,45,10,,
RHGCL,42,21,10,,
RHGCL,42,1,10,,
SINDU,46,8,110,,
SINDU,46,6,100,,
SCB,52,5,10,,
RHGCL,26,3,10,,
NMFBS,52,10,30,,
NCCB,33,58,624,,
NCCB,7,58,20,,
NCCB,56,58,1211,,
NCCB,39,58,20,,
NCCB,57,58,100,,
NCCB,33,58,25,,
AKJCL,57,59,40,,
AKJCL,35,59,11,,
KPCL,21,54,375,,
RADHI,49,49,10,,
ADBL,41,14,10,,
CFCL,58,39,389,,
KKHC,26,58,100,,
NICLBSL,43,58,21,,
HHL,48,58,10,,
MLBL,52,39,50,,
ICFC,45,38,50,,
ICFC,45,21,50,,
NABIL,29,49,8,,
NABIL,29,17,16,,
CZBIL,58,53,100,,
NICA,58,44,10,,
SAHAS,14,38,116,,
SAHAS,42,38,84,,
SAHAS,42,58,10,,
LBBL,34,45,10,,
NLIC,6,34,20,,
PCBL,45,44,84,,
PCBL,45,47,16,,
SAHAS,42,59,206,,
EBL,58,14,10,,
NICA,33,51,10,,
SADBL,47,26,100,,
JBLB,58,56,10,,
NIFRA,6,57,41,,
NIFRA,6,29,59,,
NIFRA,58,29,41,,
SGHC,42,7,10,,
ADBL,42,13,99,,
ADBL,58,13,10,,
ADBL,55,13,11,,
HEI,22,16,30,,
RIDI,59,58,255,,
RIDI,44,58,200,,
RIDI,46,58,10,,
GVL,25,42,10,,
SGHC,57,17,80,,
BPCL,45,6,10,,
AHPC,34,58,301,,
AHPC,58,58,110,,
AHPC,14,58,793,,
AHPC,41,58,100,,
AHPC,6,58,1000,,
AHPC,41,58,200,,
AHPC,28,58,500,,
AHPC,34,58,50,,
AHPC,34,58,60,,
AHPC,42,58,100,,
AHPC,34,58,1000,,
AHPC,26,58,200,,
AHPC,45,58,500,,
AHPC,21,58,50,,
AHPC,58,58,10,,
AHPC,25,58,10,,
AHPC,11,58,180,,
AHPC,38,58,180,,
AHPC,26,58,10,,
AHPC,46,58,20,,
AHPC,41,58,405,,
USHEC,36,57,10,,
AHPC,56,58,26,,
AHPC,58,58,20,,
AHPC,5,58,500,,
AHPC,33,58,500,,
AHPC,25,58,100,,
AHPC,49,58,100,,
AHPC,58,58,200,,
RHGCL,35,56,10,,
AHPC,47,58,15,,
AHPC,57,58,200,,
AHPC,28,58,1000,,
AHPC,14,58,50,,
AHPC,38,58,40,,
AHPC,19,58,35,,
AHPC,3,58,50,,
AHPC,56,58,200,,
AHPC,34,58,200,,
AHPC,22,58,100,,
AHPC,52,58,20,,
AHPC,6,58,50,,
AHPC,58,58,100,,
AHPC,25,58,500,,
AHPC,28,58,215,,
RADHI,1,38,200,,
RHGCL,58,45,10,,
UHEWA,22,19,460,,
UHEWA,43,19,40,,
ICFC,42,21,200,,
DORDI,33,58,10,,
SAHAS,14,49,10,,
HIDCL,21,32,144,,
UPPER,52,39,10,,
SABSL,41,43,30,,
JBLB,45,33,30,,
MBJC,36,45,100,,
CHCL,11,43,170,,
CHCL,11,10,107,,
UHEWA,43,6,10,,
SAPDBL,41,39,100,,
SAPDBL,43,39,35,,
MBJC,39,38,10,,
NBL,19,58,115,,
NBL,49,58,30,,
NBL,25,58,30,,
NBL,44,58,20,,
NBL,25,58,15,,
USLB,22,42,5,,
NIFRA,1,41,188,,
UMHL,45,45,500,,
AKPL,49,45,100,,
AKPL,50,45,50,,
AKPL,45,45,15,,
AKPL,21,45,13,,
AKPL,50,45,40,,
AKJCL,41,34,100,,
HDHPC,58,49,40,,
SGHC,42,49,10,,
SADBL,42,49,100,,
SADBL,58,49,200,,
SADBL,45,49,200,,
SADBL,53,49,200,,
SADBL,6,49,60,,
SADBL,56,49,100,,
SADBL,53,49,200,,
SADBL,53,49,200,,
HIDCL,56,45,10,,
MKJC,58,57,10,,
HDHPC,58,28,10,,
HDHPC,58,44,31,,
HDHPC,57,44,50,,
AKPL,50,45,27,,
RHGCL,54,52,10,,
SADBL,47,26,100,,
NRIC,22,35,100,,
NESDO,45,59,10,,
UPCL,58,13,50,,
USHEC,47,56,10,,
SGHC,57,21,10,,
HHL,48,57,10,,
UHEWA,20,56,10,,
GVL,25,57,10,,
MBJC,39,49,10,,
API,38,6,200,,
RHGCL,25,29,10,,
PCBL,51,42,10,,
RADHI,45,38,55,,
RADHI,45,38,35,,
RADHI,42,38,10,,
RADHI,3,38,300,,
PCBL,52,47,10,,
HPPL,46,36,10,,
RHGCL,25,47,10,,
RHGCL,7,58,10,,
RURU,14,6,10,,
PBD85,47,17,25,,
MBJC,42,33,10,,
MBJC,42,38,10,,
MBJC,58,56,10,,
GVL,25,29,10,,
MEN,50,56,1000,,
MEN,1,56,100,,
MEN,49,56,25,,
MEN,14,56,100,,
MEN,22,56,20,,
MEN,1,56,100,,
MEN,46,56,10,,
MEN,49,56,200,,
MEN,17,56,200,,
MEN,22,56,120,,
MEN,57,56,50,,
MEN,32,56,10,,
MEN,38,56,25,,
UNHPL,45,58,845,,
UNHPL,58,58,10,,
UNHPL,57,58,745,,
UNHPL,58,58,400,,
RIDI,59,49,1087,,
RIDI,55,49,500,,
RIDI,3,49,200,,
RIDI,58,49,10,,
RIDI,45,49,600,,
RIDI,38,49,10,,
RIDI,33,49,500,,
RIDI,16,49,30,,
UHEWA,20,41,10,,
RIDI,41,49,50,,
RIDI,55,49,19,,
SBL,52,45,200,,
GFCL,3,48,200,,
RIDI,53,44,500,,
BARUN,33,58,566,,
BARUN,20,58,100,,
BARUN,34,58,10,,
BARUN,41,58,15,,
BARUN,39,58,300,,
BARUN,34,58,150,,
BARUN,57,58,20,,
BARUN,36,58,10,,
BARUN,59,58,100,,
BARUN,34,58,100,,
BARUN,38,58,250,,
BARUN,58,58,10,,
BARUN,38,58,499,,
BARUN,45,58,370,,
RIDI,21,44,100,,
UHEWA,20,42,10,,
SHINE,13,43,16,,
SGHC,57,17,10,,
SGHC,47,17,10,,
KDBY,19,41,100,,
NIFRA,1,13,64,,
RHGCL,7,49,10,,
RHGCL,7,54,10,,
NFS,56,8,200,,
GILB,13,6,10,,
GILB,13,25,61,,
NYADI,58,29,10,,
RHGCL,1,29,10,,
UNHPL,58,33,100,,
USHEC,47,17,100,,
GVL,25,57,10,,
NIFRA,1,35,1460,,
NIFRA,51,35,20,,
LBL,39,28,145,,
LICN,6,14,10,,
LICN,25,14,10,,
NYADI,58,16,10,,
MHL,7,48,10,,
UHEWA,20,52,10,,
SGHC,47,41,10,,
RHGCL,45,29,10,,
NTC,3,28,10,,
JBLB,35,56,10,,
RHGCL,25,52,10,,
UPCL,33,58,200,,
UPCL,33,58,50,,
JALPA,58,44,10,,
NABIL,25,17,64,,
NABIL,25,49,60,,
NABIL,25,42,30,,
NABIL,25,36,50,,
NABIL,25,13,100,,
NABIL,25,38,10,,
NABIL,25,14,686,,
AKPL,50,58,433,,
AKPL,57,58,50,,
AKPL,55,58,1000,,
AKPL,19,58,100,,
AKPL,58,58,55,,
HHL,22,58,10,,
AKPL,33,58,362,,
RFPL,26,39,10,,
ULBSL,51,47,10,,
UHEWA,20,45,10,,
SFCL,55,51,73,,
GILB,58,25,14,,
MHL,57,16,10,,
GILB,35,25,100,,
RHGCL,25,17,10,,
NABIL,25,28,300,,
SMFBS,42,58,19,,
SHIVM,17,11,102,,
SHIVM,35,11,98,,
GBBL,4,58,173,,
GBBL,8,58,117,,
SGHC,29,11,10,,
NRIC,42,58,4,,
NICSF,14,45,435,,
NICSF,14,6,715,,
NICSF,14,48,850,,
MBJC,57,45,10,,
MBJC,16,45,65,,
MBJC,59,45,100,,
MBJC,44,45,20,,
MBJC,19,45,10,,
MBJC,32,45,400,,
MBJC,16,45,270,,
MBJC,42,45,20,,
MBJC,19,45,10,,
AKPL,33,19,38,,
AKPL,47,19,100,,
AKPL,22,19,15,,
AKPL,8,19,250,,
AKPL,7,19,10,,
AKPL,32,19,87,,
RHGCL,25,22,10,,
RHGCL,25,56,10,,
RHGCL,25,53,10,,
NMB,34,4,20,,
SPDL,35,44,721,,
HIDCL,50,10,800,,
NIBSF2,49,35,400,,
RURU,7,6,54,,
SGHC,47,49,10,,
GVL,25,16,10,,
USLB,45,53,10,,
RHGCL,25,52,10,,
RHGCL,25,17,10,,
RADHI,3,49,200,,
NBL,25,49,15,,
USLB,57,45,10,,
MHL,33,8,10,,
ICFC,8,35,300,,
RHGCL,25,29,10,,
UPCL,33,58,50,,
UHEWA,59,17,770,,
AHPC,41,45,95,,
AHPC,28,45,100,,
USHEC,47,48,120,,
CHL,42,39,150,,
UHEWA,59,20,10,,
NABIL,54,14,50,,
UHEWA,59,21,10,,
UHEWA,59,51,10,,
KSBBL,34,13,100,,
NBL,42,58,10,,
CZBIL,34,53,20,,
RURU,56,34,11,,
CHCL,53,10,13,,
RHGCL,25,17,10,,
BARUN,45,47,130,,
KKHC,58,28,420,,
DORDI,4,16,10,,
SGHC,47,29,10,,
NMBMF,44,45,429,,
API,43,6,16,,
API,43,45,184,,
NRIC,22,39,90,,
UPPER,32,41,50,,
SHIVM,35,58,15,,
MBJC,33,58,10,,
SHIVM,44,58,100,,
BHL,6,39,10,,
MLBL,50,1,390,,
MLBL,4,1,500,,
MLBL,8,1,110,,
RFPL,26,11,10,,
NIFRA,32,41,90,,
NIFRA,32,44,10,,
NIFRA,38,58,4,,
GBBL,8,45,83,,
GBBL,54,45,20,,
MHL,33,35,10,,
MHL,33,7,10,,
UHEWA,59,57,10,,
ACLBSL,19,41,19,,
ACLBSL,45,41,20,,
MLBS,45,38,10,,
NIL,48,11,30,,
RHGCL,45,49,10,,
AKPL,32,44,13,,
AKPL,50,44,500,,
AKPL,51,44,50,,
AKPL,44,44,237,,
GILB,13,25,25,,
USLB,57,53,10,,
DORDI,4,45,10,,
CIT,49,57,10,,
RHGCL,29,58,10,,
UHEWA,59,49,10,,
HIDCL,50,10,200,,
NMFBS,58,10,55,,
JBLB,42,25,188,,
SGHC,47,11,10,,
RHGCL,17,17,10,,
HDL,51,35,10,,
HDL,39,35,90,,
RHGCL,7,43,10,,
RHGCL,7,42,10,,
CHDC,28,59,50,,
CHDC,26,59,100,,
CHDC,50,59,10,,
CHDC,7,59,20,,
CHDC,7,59,20,,
RADHI,58,58,27,,
RADHI,51,58,40,,
RADHI,55,58,100,,
RADHI,57,58,45,,
RADHI,32,58,64,,
RHGCL,1,47,10,,
AKPL,44,44,63,,
AKPL,56,44,200,,
AKPL,44,44,20,,
AKPL,48,44,50,,
AKPL,45,44,500,,
AKPL,41,44,100,,
AKPL,35,44,250,,
AKPL,50,44,300,,
AKPL,55,44,22,,
AKPL,41,44,300,,
AKPL,43,44,100,,
AKPL,42,44,30,,
AKPL,56,44,55,,
NMBD2085,47,45,10,,
NYADI,58,19,140,,
ADBL,55,35,10,,
ADBL,51,35,80,,
UHEWA,59,1,10,,
NESDO,21,44,20,,
EBL,41,7,15,,
NRIC,33,39,10,,
SHIVM,17,1,10,,
USHEC,47,21,10,,
RHGCL,57,52,10,,
UHEWA,59,11,10,,
RHGCL,49,35,10,,
UPCL,33,58,50,,
HHL,48,34,500,,
HHL,48,34,20,,
HHL,48,34,30,,
HHL,48,34,20,,
HHL,48,34,10,,
HHL,48,34,20,,
HHL,48,34,10,,
HHL,20,34,130,,
SHIVM,17,1,20,,
SHIVM,17,58,20,,
SHIVM,17,52,80,,
HHL,20,41,10,,
ACLBSL,42,41,20,,
ACLBSL,7,41,50,,
ACLBSL,17,41,50,,
ACLBSL,21,41,10,,
ACLBSL,53,41,10,,
ACLBSL,41,41,21,,
RHGCL,49,45,10,,
UPCL,33,49,250,,
RHGCL,49,17,10,,
MBJC,33,58,10,,
JALPA,58,57,10,,
AKPL,50,19,70,,
UMHL,49,10,100,,
KBL,57,58,67,,
KBL,45,58,76,,
KBL,22,58,57,,
BHDC,28,34,10,,
SHIVM,17,52,20,,
SHIVM,17,1,115,,
RHGCL,49,58,10,,
ALICL,57,45,10,,
RHGCL,49,52,10,,
NIFRA,59,13,54,,
UHEWA,59,58,10,,
RIDI,17,44,200,,
RHGCL,45,29,10,,
RHGCL,45,50,10,,
RHGCL,45,49,10,,
RHGCL,45,56,10,,
NICL,13,8,300,,
RHGCL,45,29,10,,
NMBMF,44,35,71,,
NMBMF,48,35,20,,
SHEL,28,36,159,,
SHEL,52,36,170,,
SAHAS,55,59,1000,,
SAHAS,44,59,200,,
SAHAS,58,59,10,,
SAHAS,53,59,58,,
SAHAS,25,59,50,,
SAHAS,34,59,180,,
SAHAS,58,59,10,,
SAHAS,5,59,10,,
SAHAS,32,59,40,,
SAHAS,34,59,36,,
SGHC,47,25,10,,
PRVU,52,51,21,,
KRBL,38,10,100,,
HHL,20,42,10,,
RADHI,32,35,236,,
RADHI,37,35,64,,
RHGCL,5,29,10,,
NIFRA,42,44,35,,
NIFRA,42,58,65,,
RHGCL,5,17,10,,
CHL,42,26,100,,
NHPC,47,48,727,,
DDBL,10,41,89,,
PCBL,56,47,24,,
PCBL,56,44,176,,
RFPL,26,35,10,,
NRN,22,45,400,,
NRN,14,45,265,,
MMFDB,57,43,50,,
MMFDB,10,43,20,,
MMFDB,36,43,10,,
MMFDB,20,43,50,,
BFC,57,25,34,,
BFC,34,25,166,,
RHGCL,5,29,10,,
HIDCL,50,56,35,,
RHPL,22,13,63,,
RHGCL,5,58,10,,
RADHI,37,19,20,,
JALPA,58,49,85,,
CIT,7,38,30,,
KPCL,21,56,111,,
SGHC,47,21,10,,
RMDC,25,43,38,,
RMDC,17,43,50,,
RMDC,26,43,17,,
RMDC,14,43,400,,
UMHL,49,34,100,,
CHL,57,26,100,,
UHEWA,59,14,10,,
NLIC,57,32,24,,
NHPC,58,48,50,,
NHPC,56,48,125,,
NHPC,51,48,29,,
NHPC,45,48,50,,
NHPC,7,48,100,,
NHPC,57,48,208,,
NHPC,48,48,50,,
NHPC,43,48,50,,
NHPC,6,48,656,,
NHPC,33,48,1000,,
NHPC,44,48,100,,
NHPC,48,48,200,,
NHPC,49,48,50,,
NHPC,1,48,500,,
NHPC,33,48,1000,,
NHPC,49,48,105,,
UHEWA,59,19,10,,
USHEC,47,42,10,,
USHEC,47,58,10,,
RHGCL,5,58,10,,
USHEC,47,52,10,,
PFL,6,25,90,,
HHL,20,39,10,,
DORDI,48,45,164,,
DORDI,6,45,190,,
DORDI,6,45,200,,
DORDI,58,45,60,,
DORDI,33,45,70,,
DORDI,6,45,50,,
RHGCL,29,46,10,,
RHGCL,29,35,10,,
USLB,57,34,25,,
NABIL,48,14,20,,
HIDCL,50,56,399,,
HIDCL,50,39,35,,
MNBBL,51,58,293,,
MNBBL,28,58,57,,
RFPL,26,26,10,,
RHGCL,16,38,10,,
GILB,13,45,20,,
GILB,21,45,10,,
GILB,38,45,20,,
EBL,34,7,35,,
EBL,45,7,50,,
RHGCL,16,53,10,,
RHGCL,16,29,10,,
NICL,13,10,100,,
UHEWA,59,21,10,,
CZBIL,44,35,165,,
CZBIL,35,35,200,,
CZBIL,51,35,100,,
CZBIL,47,35,20,,
LBBL,42,32,160,,
LBBL,35,32,200,,
LBBL,55,32,30,,
LBBL,34,32,100,,
LBBL,49,32,100,,
LBBL,34,32,200,,
LBBL,50,32,250,,
LBBL,16,32,10,,
LBBL,50,32,50,,
GBBL,13,59,24,,
GBBL,32,59,76,,
USLB,57,1,20,,
HHL,20,58,10,,
RHGCL,57,52,10,,
RHGCL,57,35,10,,
HDHPC,28,44,1000,,
HDHPC,14,44,300,,
HDHPC,26,44,500,,
HDHPC,52,44,1000,,
HDHPC,8,44,10,,
HDHPC,8,44,50,,
HDHPC,32,44,30,,
HDHPC,7,44,50,,
HDHPC,38,44,500,,
HDHPC,43,44,135,,
HDHPC,58,44,20,,
HDHPC,25,44,250,,
HDHPC,57,44,1000,,
HDHPC,40,44,1000,,
HDHPC,6,44,500,,
HDHPC,17,44,30,,
HDHPC,43,44,30,,
HDHPC,46,44,220,,
HDHPC,42,44,100,,
HDHPC,34,44,200,,
HDHPC,42,44,10,,
HDHPC,19,44,20,,
HDHPC,17,44,20,,
HDHPC,43,44,500,,
HDHPC,34,44,500,,
HDHPC,36,44,25,,
RHGCL,16,57,10,,
RHGCL,16,29,10,,
NIFRA,22,56,4,,
KSBBL,34,53,148,,
CIT,39,57,70,,
CIT,32,57,30,,
NUBL,35,35,411,,
UNHPL,49,54,10,,
RHGCL,16,56,10,,
NFS,45,8,18,,
USHEC,45,58,10,,
NIL,53,55,100,,
RHGCL,39,29,10,,
PRVU,58,22,22,,
USHEC,45,58,10,,
HIDCL,21,10,97,,
HIDCL,39,10,11,,
HIDCL,54,10,110,,
NTC,46,58,10,,
NTC,4,58,27,,
SGHC,47,39,10,,
AKJCL,35,49,129,,
MEN,4,47,30,,
MEN,58,47,10,,
MEN,4,47,25,,
SHINE,45,57,10,,
SHINE,47,57,100,,
CZBIL,21,35,15,,
NLG,46,57,24,,
RHGCL,39,29,10,,
IGI,49,33,50,,
HDL,39,39,10,,
CZBIL,21,29,15,,
CZBIL,4,29,200,,
CZBIL,37,29,50,,
CZBIL,58,29,100,,
CZBIL,28,29,135,,
SAHAS,34,21,10,,
RHGCL,39,56,10,,
SLBBL,54,35,10,,
DORDI,6,38,10,,
UPPER,22,52,50,,
MHL,34,32,10,,
SAHAS,34,38,10,,
SPC,51,36,50,,
RHGCL,16,53,170,,
RHGCL,6,53,10,,
RHGCL,38,53,10,,
RHGCL,7,53,10,,
RHGCL,45,53,100,,
HIDCL,54,58,268,,
HIDCL,58,58,10,,
HIDCL,21,58,200,,
HIDCL,58,58,10,,
HIDCL,5,58,20,,
HIDCL,49,58,10,,
HIDCL,57,58,200,,
HIDCL,49,58,50,,
HIDCL,20,58,200,,
HIDCL,5,58,10,,
HIDCL,36,58,20,,
HIDCL,43,58,100,,
HIDCL,33,58,87,,
RHGCL,58,29,10,,
API,34,32,151,,
RHGCL,58,38,10,,
ADBL,51,10,100,,
HIDCL,33,58,13,,
RHGCL,58,39,10,,
GMFIL,14,45,182,,
GMFIL,16,45,200,,
GMFIL,39,45,18,,
GMFIL,16,45,100,,
NTC,49,58,150,,
NTC,41,58,20,,
NTC,25,58,50,,
NTC,52,58,10,,
NTC,6,58,20,,
NTC,4,58,20,,
NTC,49,58,50,,
NTC,45,58,20,,
NTC,42,58,85,,
SGHC,47,11,10,,
AKPL,6,19,100,,
AKPL,54,19,30,,
BARUN,38,47,501,,
UHEWA,59,58,10,,
NTC,56,28,15,,
NTC,44,28,41,,
CZBIL,28,29,65,,
CZBIL,59,29,200,,
CZBIL,58,29,100,,
CZBIL,40,29,200,,
CZBIL,22,29,20,,
CZBIL,45,29,405,,
CZBIL,34,29,10,,
HIDCL,54,10,50,,
NESDO,28,47,10,,
RMDC,58,10,50,,
NMB,42,35,100,,
NMB,20,35,600,,
RHGCL,58,29,10,,
NABIL,32,14,13,,
UHEWA,59,54,10,,
SHPC,4,49,50,,
RHGCL,17,58,10,,
NSLB,49,6,12,,
CLBSL,29,59,10,,
CHL,34,26,100,,
RHGCL,17,38,10,,
PPCL,29,17,25,,
MHL,34,32,10,,
RHGCL,17,29,10,,
AHPC,52,1,50,,
ICFC,8,45,125,,
SGHC,47,56,10,,
CFCL,36,25,40,,
NMB,49,35,17,,
NMB,16,35,98,,
USHEC,45,51,10,,
MERO,34,41,12,,
MERO,54,41,13,,
SANIMA,13,49,10,,
HIDCL,38,10,50,,
MNBBL,28,6,53,,
RHGCL,58,29,10,,
NHPC,36,36,10,,
NHPC,51,36,81,,
BNHC,17,38,10,,
UHEWA,59,47,10,,
PRVU,58,14,85,,
SAPDBL,40,25,60,,
RHGCL,58,45,10,,
RHGCL,58,16,10,,
MHL,34,32,10,,
SANIMA,37,49,49,,
FMDBL,49,34,10,,
SANIMA,7,49,22,,
PCBL,6,44,200,,
RMDC,19,3,50,,
RHGCL,58,7,10,,
NYADI,58,11,10,,
API,58,45,20,,
UHEWA,59,45,10,,
NHPC,35,58,11,,
RHGCL,58,29,10,,
USHEC,45,56,10,,
RHGCL,58,41,10,,
GVL,25,58,10,,
NGPL,49,28,10,,
NGPL,58,28,45,,
HHL,20,45,10,,
RHGCL,45,58,10,,
RHGCL,45,46,10,,
RHGCL,45,11,10,,
RHGCL,45,58,10,,
NLG,41,49,10,,
RMDC,54,10,30,,
RMDC,58,10,10,,
RMDC,26,10,10,,
MBJC,16,59,10,,
UHEWA,59,22,10,,
BHL,58,21,10,,
RHGCL,58,29,10,,
NLIC,11,10,150,,
RHGCL,58,58,10,,
API,58,45,20,,
RBCL,34,7,10,,
RHGCL,58,39,10,,
NRIC,57,48,13,,
UMRH,47,35,30,,
UMRH,4,35,170,,
UMRH,28,35,200,,
RHGCL,1,33,10,,
SAHAS,34,34,10,,
AKJCL,41,58,10,,
NMB50,58,13,100,,
BHDC,28,49,10,,
NTC,44,54,47,,
RHGCL,58,29,10,,
HIDCL,45,10,332,,
MBJC,16,11,10,,
MBJC,16,21,10,,
NIFRA,59,49,14,,
SANIMA,45,53,50,,
HDHPC,35,33,100,,
HDHPC,44,33,30,,
HDHPC,1,33,100,,
NBL,52,49,35,,
NBL,58,49,10,,
NBL,38,49,10,,
RMDC,26,3,90,,
RMDC,22,3,10,,
UHEWA,59,41,10,,
NMB,25,4,50,,
RHGCL,1,38,10,,
JFL,35,49,100,,
SPC,58,53,50,,
NRN,14,45,735,,
NRN,19,45,100,,
NRN,4,45,50,,
NRN,22,45,115,,
UHEWA,59,11,10,,
NRIC,6,48,10,,
NRIC,1,48,10,,
NRIC,10,48,10,,
NRIC,34,48,15,,
LBBL,28,47,10,,
LBBL,46,47,50,,
NYADI,4,38,10,,
RHGCL,57,11,10,,
RHGCL,57,29,10,,
AKJCL,38,57,10,,
PROFL,14,28,188,,
PROFL,58,28,12,,
MBJC,19,45,200,,
MBJC,14,45,100,,
MBJC,42,45,100,,
MBJC,6,45,300,,
JBBL,4,49,20,,
NIFRA,59,21,54,,
SFMF,57,57,4500,,
SFMF,57,45,1200,,
SFMF,57,34,5500,,
RHGCL,57,58,10,,
AKPL,39,44,200,,
HPPL,46,17,10,,
RHPL,22,25,1937,,
RHPL,32,25,50,,
RHPL,5,25,10,,
RHPL,22,25,1000,,
RHPL,14,25,500,,
RHPL,22,25,393,,
RHPL,45,25,100,,
RHPL,58,25,10,,
EBL,45,49,10,,
HIDCL,45,26,58,,
HIDCL,42,26,10,,
HIDCL,58,26,10,,
HIDCL,14,26,60,,
HIDCL,53,26,50,,
HIDCL,22,26,12,,
MBJC,7,6,10,,
UHEWA,59,58,10,,
SFCL,55,58,77,,
UHEWA,59,41,10,,
SGHC,58,4,10,,
NICA,57,36,10,,
SHINE,57,57,20,,
SHINE,57,57,26,,
MBL,57,49,100,,
NESDO,28,57,30,,
USHEC,45,10,10,,
FOWAD,35,17,42,,
EBL,4,49,20,,
NIFRA,58,58,15,,
JOSHI,34,34,50,,
NLIC,57,48,33,,
SFMF,57,47,5537,,
RHGCL,29,43,50,,
HHL,20,45,10,,
SWMF,43,40,50,,
SWMF,17,40,10,,
USHEC,45,11,10,,
NRN,22,45,285,,
NRN,33,45,200,,
NRN,45,45,15,,
CHCL,53,49,37,,
NRIC,34,29,35,,
NRIC,58,29,11,,
RIDI,34,44,50,,
KDBY,19,58,100,,
KDBY,19,58,100,,
GUFL,38,56,97,,
GUFL,32,56,10,,
NIFRA,59,49,14,,
NICL,57,52,455,,
HIDCLP,45,28,3020,,
HIDCLP,45,38,990,,
HIDCLP,45,25,990,,
BHL,10,38,10,,
JALPA,16,58,10,,
JALPA,41,58,20,,
JALPA,16,58,20,,
ADBL,51,49,50,,
ADBL,38,49,50,,
NTC,44,28,10,,
NTC,35,28,57,,
USHEC,19,16,10,,
MHL,34,21,10,,
RHGCL,57,58,10,,
NIFRA,57,58,100,,
PSF,56,21,500,,
DORDI,45,25,20,,
PCBL,56,45,10,,
SHIVM,17,58,20,,
NYADI,21,41,10,,
UHEWA,59,10,10,,
RMF1,19,45,100,,
NLG,41,49,33,,
RHGCL,57,32,10,,
NRIC,58,51,30,,
JBBL,29,49,59,,
JBBL,28,49,105,,
JBBL,45,49,15,,
JBBL,42,49,100,,
JBBL,38,49,100,,
JBBL,44,49,150,,
JBBL,52,49,200,,
JBBL,5,49,200,,
JBBL,35,49,14,,
JBBL,17,49,100,,
JBBL,57,49,263,,
GVL,25,38,10,,
NTC,35,28,43,,
NTC,43,28,157,,
SGHC,44,56,10,,
SGHC,44,26,10,,
UHEWA,59,28,20,,
UHEWA,22,28,110,,
UHEWA,20,28,40,,
UHEWA,20,45,10,,
SGHC,44,38,10,,
NMB,16,40,50,,
NTC,43,58,43,,
NLG,21,49,10,,
NLG,58,49,40,,
NLG,39,49,207,,
NLG,41,49,25,,
NICLBSL,42,8,27,,
NICLBSL,36,8,10,,
NICLBSL,41,8,50,,
NICLBSL,36,8,34,,
NICLBSL,43,8,50,,
NICLBSL,10,8,50,,
NICLBSL,34,8,19,,
NICLBSL,51,8,100,,
USHEC,19,21,10,,
MMFDB,10,37,10,,
RHGCL,57,35,10,,
NHPC,51,32,19,,
NHPC,41,32,410,,
NHPC,35,32,20,,
NHPC,7,32,170,,
NHPC,36,32,12,,
SBI,35,17,20,,
SBI,35,8,70,,
NYADI,21,41,10,,
MBJC,6,55,10,,
MBJC,6,55,100,,
RHGCL,58,43,100,,
MBJC,29,55,85,,
NLIC,49,34,11,,
NLIC,49,40,19,,
NABIL,8,57,74,,
NABIL,8,28,500,,
NABIL,8,47,33,,
HDL,43,21,50,,
HIDCL,25,56,50,,
HDL,45,21,10,,
HIDCL,49,56,1000,,
HDL,39,21,90,,
HIDCL,52,56,35,,
NICA,57,44,65,,
HIDCL,40,56,50,,
SHPC,4,49,470,,
RHGCL,57,49,10,,
HIDCL,56,56,75,,
NICA,55,44,20,,
HIDCL,22,56,104,,
NICA,39,44,15,,
HIDCL,58,56,200,,
MLBSL,8,54,40,,
NESDO,28,57,10,,
GHL,58,58,30,,
UHEWA,20,56,10,,
RFPL,42,35,10,,
RHGCL,57,38,10,,
RADHI,37,45,16,,
RADHI,54,45,64,,
RHGCL,57,54,10,,
UMRH,4,1,330,,
UMRH,48,1,50,,
UMRH,48,1,20,,
CHCL,11,49,30,,
SFCL,55,42,180,,
RLFL,22,26,115,,
HHL,48,58,10,,
NIFRA,59,49,14,,
PRVU,48,51,10,,
RHGCL,58,42,10,,
RULB,34,34,5,,
RHGCL,58,52,10,,
NRIC,58,51,19,,
RHGCL,51,11,10,,
NIBD84,47,29,1000,,
NIBD84,47,17,25,,
HDL,39,59,10,,
HDL,49,59,20,,
HDL,34,59,50,,
DHPL,34,57,150,,
NGPL,57,45,53,,
ULBSL,51,39,10,,
SBI,51,8,100,,
RHPL,29,25,460,,
RHPL,58,25,200,,
HIDCL,21,58,1,,
HIDCL,21,58,14,,
GBBL,32,7,37,,
NABIL,38,47,35,,
NICA,39,10,10,,
NICA,49,10,50,,
NICA,11,10,100,,
HIDCL,38,10,50,,
NICA,11,10,100,,
PCBL,34,44,624,,
GUFL,32,58,40,,
GUFL,43,58,50,,
GUFL,58,58,10,,
HHL,48,58,10,,
GUFL,58,58,50,,
API,41,45,76,,
API,41,45,500,,
API,41,47,35,,
API,41,58,85,,
API,41,35,304,,
API,54,35,196,,
HDHPC,17,44,300,,
HDHPC,45,44,120,,
HDHPC,45,44,1000,,
HDHPC,13,44,1200,,
HDL,34,21,100,,
HDHPC,44,44,20,,
HDL,34,21,10,,
HDHPC,44,44,500,,
HDL,42,21,30,,
HDHPC,57,44,1000,,
HDL,44,21,10,,
HDHPC,53,44,200,,
HDHPC,53,44,100,,
HDHPC,58,44,50,,
HDHPC,14,44,100,,
HDHPC,25,44,300,,
HDHPC,34,44,10,,
HDHPC,46,44,100,,
RHGCL,41,58,10,,
RHGCL,41,25,10,,
MERO,42,22,25,,
MERO,38,22,10,,
UPPER,58,58,20,,
BHL,10,25,10,,
RHGCL,41,46,10,,
HHL,48,58,10,,
GVL,25,57,10,,
UHEWA,20,57,10,,
ICFC,8,49,15,,
ICFC,8,49,500,,
ICFC,21,49,100,,
ICFC,1,49,100,,
ICFC,51,49,25,,
ICFC,57,49,600,,
ICFC,51,49,100,,
ICFC,20,49,20,,
ICFC,1,49,50,,
UHEWA,20,49,10,,
ICFC,36,49,490,,
RHGCL,41,11,10,,
RHGCL,41,42,10,,
RHGCL,51,58,10,,
PRVU,58,44,44,,
PRVU,38,44,200,,
PRVU,22,44,20,,
PRVU,4,44,20,,
PRVU,45,44,216,,
BHDC,28,8,10,,
GBBL,32,7,37,,
MLBSL,8,28,20,,
MLBSL,58,28,20,,
NBL,38,47,58,,
SAHAS,34,21,10,,
MKJC,22,49,132,,
MKJC,50,49,20,,
MKJC,36,49,50,,
MKJC,49,49,100,,
MHL,34,26,10,,
GBBL,32,36,50,,
GBBL,1,36,10,,
GBBL,45,36,10,,
GBBL,58,36,100,,
GBBL,34,36,30,,
UPCL,33,58,100,,
UHEWA,20,45,10,,
UMRH,6,32,40,,
UMRH,49,32,20,,
RMDC,33,56,100,,
HIDCL,38,17,16,,
MMFDB,10,37,20,,
PCBL,34,45,376,,
SMB,34,51,10,,
API,54,58,104,,
MHL,57,6,10,,
MHL,57,21,10,,
MHL,57,25,70,,
MHL,57,54,10,,
RHGCL,35,38,10,,
RHGCL,58,37,10,,
NMBMF,29,45,35,,
RHGCL,58,11,10,,
NIFRA,1,49,14,,
HHL,48,58,10,,
SHPC,4,17,165,,
SHPC,22,17,170,,
SHPC,58,17,50,,
SHPC,52,17,15,,
NIFRA,54,4,10,,
NIFRA,54,55,74,,
AKPL,48,45,200,,
RHGCL,58,49,10,,
USHEC,19,11,10,,
HDL,58,10,10,,
HDL,19,10,17,,
DHPL,34,14,100,,
SANIMA,7,49,78,,
SANIMA,52,49,50,,
RADHI,17,45,20,,
NIFRA,1,41,244,,
NIFRA,49,41,30,,
NIFRA,54,41,873,,
NIFRA,34,41,153,,
NIFRA,34,25,10,,
SADBL,57,17,200,,
RIDI,52,44,200,,
NICA,6,36,100,,
RHGCL,1,43,90,,
RHGCL,1,58,10,,
SHIVM,35,16,187,,
SHIVM,44,16,100,,
SHIVM,53,16,100,,
SHIVM,57,16,100,,
SHIVM,22,16,13,,
UHEWA,20,45,10,,
HDHPC,13,32,100,,
SSHL,36,25,400,,
SSHL,20,25,25,,
SSHL,20,25,25,,
SSHL,20,25,25,,
SSHL,20,25,25,,
PRVU,45,35,484,,
PRVU,39,35,816,,
RHGCL,58,32,10,,
PRVU,58,51,20,,
ADBL,34,14,50,,
KKHC,58,28,460,,
KKHC,29,28,40,,
GVL,25,7,10,,
HHL,20,58,10,,
HIDCL,40,10,300,,
RHGCL,58,48,10,,
BNHC,17,7,10,,
NABIL,42,47,30,,
GVL,25,35,10,,
USHEC,19,49,10,,
NTC,21,58,108,,
BNHC,17,32,15,,
KKHC,29,48,60,,
JBLB,35,49,1,,
PCBL,16,45,10,,
API,28,58,115,,
RHGCL,45,43,10,,
RHGCL,45,35,10,,
SAHAS,34,36,90,,
SAHAS,6,36,10,,
SHPC,4,34,660,,
BHDC,16,48,10,,
SAPDBL,41,25,52,,
FOWAD,26,25,10,,
MHL,52,4,10,,
AKPL,18,49,10,,
RFPL,42,58,10,,
RHGCL,57,58,10,,
SAPDBL,41,51,48,,
SAPDBL,14,51,400,,
SAPDBL,41,51,52,,
NHPC,44,4,20,,
SJCL,45,49,35,,
SGHC,44,21,10,,
UHEWA,43,58,10,,
NIFRA,34,45,17,,
NIFRA,39,45,72,,
NIFRA,38,45,11,,
BHL,25,47,10,,
SPC,52,17,15,,
SPC,25,17,300,,
SPC,48,17,55,,
SPC,48,17,315,,
SPC,48,17,115,,
RHGCL,38,42,10,,
HDHPC,58,44,50,,
ULBSL,51,49,10,,
ULBSL,51,58,10,,
RULB,34,34,5,,
UPPER,48,58,200,,
MBJC,29,48,10,,
NICL,57,45,265,,
NICL,1,45,50,,
NICL,49,45,150,,
NICL,58,45,10,,
NICL,46,45,100,,
NICL,1,45,50,,
NICL,1,45,50,,
NICL,58,45,25,,
HHL,48,58,10,,
HHL,48,7,10,,
RHGCL,38,6,10,,
USHEC,19,34,10,,
BFC,34,58,297,,
NLBBL,58,48,10,,
NLBBL,50,48,50,,
HDL,57,35,10,,
RHGCL,6,38,10,,
DORDI,33,58,10,,
HIDCL,38,16,29,,
UPCL,41,58,300,,
RHGCL,6,42,10,,
SHINE,57,7,200,,
NYADI,21,11,10,,
STC,13,32,20,,
BHL,10,14,10,,
NTC,53,28,500,,
NTC,21,28,100,,
MPFL,3,45,600,,
RHGCL,6,58,10,,
NIBSF2,1,7,920,,
NIBSF2,1,59,100,,
RHGCL,45,43,50,,
ICFC,42,35,35,,
ICFC,10,35,45,,
RHGCL,6,58,10,,
BHDC,16,58,10,,
RIDI,34,44,100,,
RIDI,42,44,12,,
RIDI,33,44,500,,
RIDI,19,44,75,,
RIDI,57,44,100,,
PROFL,49,58,1,,
PROFL,49,34,49,,
PROFL,34,34,31,,
MBJC,29,35,10,,
MHL,52,25,10,,
ICFC,10,48,10,,
NBL,38,34,241,,
BFC,34,58,653,,
RHGCL,6,6,10,,
RHGCL,57,58,10,,
RHGCL,6,53,420,,
RHGCL,38,53,20,,
RHGCL,58,53,10,,
RHGCL,36,53,10,,
RHGCL,35,53,40,,
UHEWA,43,6,10,,
UHEWA,43,39,10,,
MBL,52,22,12,,
MMFDB,10,37,70,,
RADHI,53,49,100,,
RADHI,17,49,30,,
RADHI,1,49,100,,
SAPDBL,41,16,30,,
SAPDBL,19,16,220,,
NGPL,57,32,80,,
RHGCL,35,7,10,,
RHGCL,48,56,10,,
RHGCL,48,32,10,,
HHL,48,6,10,,
HHL,48,56,10,,
JALPA,16,33,10,,
NIL,49,10,30,,
GFCL,22,55,100,,
SGHC,44,11,10,,
HDHPC,13,44,20,,
GVL,25,8,10,,
MHL,52,6,10,,
HHL,48,58,10,,
HHL,48,58,10,,
HHL,48,48,10,,
HIDCL,45,22,8,,
API,40,58,300,,
RHGCL,35,49,10,,
AKPL,56,44,850,,
AKPL,29,44,50,,
AKPL,44,44,100,,
RHGCL,35,6,10,,
SHIVM,44,14,300,,
RHGCL,35,19,10,,
UNHPL,57,47,200,,
RHGCL,35,46,10,,
CORBL,58,58,40,,
CORBL,34,58,30,,
CORBL,45,58,100,,
CORBL,51,58,200,,
CORBL,53,58,110,,
CORBL,42,58,20,,
CZBIL,45,29,595,,
CZBIL,44,29,100,,
CZBIL,1,29,500,,
CZBIL,47,29,41,,
CZBIL,39,29,96,,
CZBIL,51,29,50,,
CZBIL,20,29,100,,
CZBIL,22,29,18,,
MHL,52,8,10,,
AHPC,34,59,500,,
RHGCL,35,14,10,,
AHPC,26,59,10,,
RHGCL,38,52,10,,
UHEWA,20,13,10,,
ADBL,51,49,39,,
USHEC,19,57,10,,
API,32,58,1497,,
API,35,58,100,,
API,51,58,130,,
API,58,58,25,,
API,38,58,200,,
API,17,58,23,,
API,34,58,15,,
API,45,58,50,,
API,34,58,10,,
API,11,58,100,,
API,11,58,100,,
API,6,58,200,,
API,52,58,200,,
SBL,41,45,100,,
HDHPC,47,48,500,,
NTC,58,25,50,,
NTC,56,25,40,,
NTC,21,25,10,,
NTC,49,25,50,,
HDHPC,25,44,500,,
SHIVM,17,14,500,,
RHGCL,6,19,10,,
DORDI,6,25,40,,
DORDI,58,25,10,,
TPC,38,6,250,,
RHPL,58,13,300,,
RFPL,42,11,10,,
SFCL,55,34,70,,
RHGCL,6,49,10,,
API,38,47,15,,
NBL,36,34,50,,
STC,13,49,10,,
BHDC,28,56,10,,
GUFL,58,47,40,,
GUFL,38,47,10,,
RIDI,40,58,100,,
RIDI,48,58,100,,
RIDI,34,58,200,,
RIDI,38,58,10,,
RIDI,38,58,100,,
RIDI,57,58,10,,
RIDI,8,58,200,,
RIDI,34,58,200,,
RIDI,34,58,500,,
RIDI,49,58,500,,
RIDI,34,58,50,,
RIDI,55,58,13,,
RIDI,34,58,100,,
RIDI,58,58,10,,
RIDI,6,58,200,,
RIDI,5,58,1000,,
RIDI,50,58,30,,
RIDI,26,58,60,,
NFS,35,8,200,,
RHGCL,35,19,10,,
GBLBS,17,6,60,,
RHGCL,35,38,10,,
NIFRA,38,49,14,,
RADHI,25,17,10,,
CZBIL,22,29,32,,
CZBIL,41,29,50,,
CZBIL,1,29,100,,
CZBIL,21,29,18,,
HDL,57,56,10,,
RLFL,22,52,116,,
RLFL,28,52,20,,
RLFL,38,52,64,,
STC,13,49,29,,
STC,40,49,20,,
IGI,50,10,133,,
IGI,58,10,189,,
NICL,34,52,50,,
NICL,1,52,50,,
RIDI,26,39,30,,
RIDI,21,39,100,,
RIDI,32,39,100,,
RIDI,38,39,10,,
RIDI,6,39,15,,
RIDI,7,39,20,,
RIDI,51,39,25,,
UHEWA,20,49,10,,
ADBL,35,14,250,,
HDHPC,41,44,75,,
ULBSL,51,8,10,,
SICL,57,38,27,,
CGH,45,28,10,,
SGHC,44,52,10,,
RHGCL,48,47,10,,
LICN,22,49,10,,
LICN,41,49,10,,
LICN,53,49,20,,
LICN,59,49,10,,
RHGCL,48,6,10,,
RHGCL,33,53,99,,
ULBSL,51,49,10,,
AKPL,45,19,20,,
AKPL,13,19,20,,
AKPL,49,19,50,,
NMBMF,11,45,50,,
NMBMF,37,45,50,,
NMBMF,47,45,20,,
NFS,25,25,200,,
NIL,35,10,20,,
RHGCL,42,39,10,,
RFPL,42,40,10,,
RHGCL,16,49,10,,
RADHI,49,58,20,,
RHGCL,16,6,10,,
ULBSL,51,49,10,,
ULBSL,45,38,10,,
GMFIL,16,14,100,,
UPCL,41,58,115,,
NMBMF,8,45,100,,
NMBMF,57,45,25,,
NMBMF,48,45,10,,
GHL,58,49,110,,
NLIC,41,32,150,,
MKJC,58,8,10,,
GBLBS,17,20,96,,
CZBIL,21,29,62,,
CZBIL,32,29,15,,
CZBIL,57,29,500,,
CZBIL,39,29,69,,
CZBIL,22,29,44,,
CZBIL,34,29,10,,
UHEWA,43,58,10,,
HHL,22,40,10,,
MHL,52,41,10,,
MPFL,3,58,44,,
UPCL,41,16,45,,
API,6,58,100,,
API,58,58,500,,
API,45,58,200,,
API,54,58,200,,
API,11,58,500,,
API,21,58,500,,
API,45,58,15,,
API,7,58,100,,
API,37,58,2000,,
API,52,58,25,,
NBL,36,45,50,,
API,50,58,212,,
API,26,58,99,,
API,47,58,500,,
API,6,58,60,,
API,13,58,270,,
API,46,58,100,,
API,25,58,100,,
API,7,58,40,,
API,43,58,158,,
API,34,58,500,,
API,22,58,30,,
API,36,58,500,,
API,58,58,10,,
API,5,58,30,,
API,41,58,50,,
API,6,58,300,,
API,21,58,10,,
API,3,58,500,,
API,55,58,100,,
API,43,58,187,,
MMF1,49,4,1850,,
KEF,41,4,100,,
MKLB,53,34,10,,
ADBL,52,49,100,,
UHEWA,43,8,10,,
UNHPL,57,48,55,,
UNHPL,45,48,200,,
UNHPL,58,48,15,,
JBLB,55,58,15,,
RHGCL,35,6,10,,
RHGCL,35,28,10,,
HHL,21,52,10,,
RHGCL,45,58,10,,
NIFRA,39,40,20,,
NIFRA,45,40,10,,
NIFRA,35,40,24,,
BNHC,17,47,10,,
UHEWA,43,46,10,,
NABIL,42,5,20,,
NABIL,40,5,30,,
NABIL,44,5,100,,
NABIL,45,5,100,,
PPCL,29,57,10,,
BHDC,28,58,10,,
AKJCL,4,57,90,,
RADHI,3,8,10,,
PROFL,34,44,59,,
SEF,49,4,118,,
RHGCL,35,6,10,,
USHEC,21,6,10,,
MFIL,41,13,20,,
GLH,8,58,10,,
MBJC,29,40,10,,
RHGCL,17,54,10,,
RHGCL,17,10,10,,
GVL,25,35,10,,
HDHPC,41,44,29,,
RHGCL,36,33,10,,
RHGCL,58,58,9,,
SGHC,44,34,10,,
BNHC,22,47,10,,
ACLBSL,41,40,14,,
ACLBSL,34,40,10,,
ACLBSL,35,40,30,,
AKPL,49,45,50,,
SGHC,44,58,10,,
UHEWA,20,8,10,,
API,43,44,372,,
API,32,44,400,,
API,35,44,49,,
GLH,8,25,40,,
GLH,35,25,160,,
GLH,34,25,30,,
GLH,29,25,70,,
NESDO,28,58,50,,
MNBBL,51,44,540,,
MNBBL,57,44,110,,
MNBBL,42,44,230,,
MNBBL,42,44,20,,
BHDC,28,46,10,,
MNBBL,14,44,50,,
SHIVM,22,14,40,,
MNBBL,49,44,50,,
SHIVM,14,14,10,,
GHL,5,34,77,,
UHEWA,20,57,10,,
AHPC,38,32,20,,
AHPC,26,32,400,,
AHPC,59,32,25,,
AHPC,58,32,10,,
AHPC,38,32,15,,
AHPC,35,32,300,,
AHPC,42,32,100,,
AHPC,50,32,130,,
UMHL,49,59,79,,
UMHL,49,59,50,,
UMHL,58,59,20,,
UMHL,48,59,100,,
AKJCL,4,58,10,,
MLBSL,54,4,14,,
SHPC,4,40,340,,
SHPC,4,40,510,,
SHPC,34,40,100,,
SHPC,6,40,50,,
MSLB,33,37,45,,
RHGCL,58,6,10,,
LBBL,57,47,150,,
RHGCL,58,8,10,,
GLH,29,40,10,,
HDL,10,45,10,,
BHL,10,57,10,,
RHGCL,58,52,10,,
ADBL,35,49,50,,
ADBL,43,49,280,,
ADBL,52,49,31,,
RHGCL,58,46,10,,
UMHL,48,11,100,,
UPCL,41,58,140,,
UPCL,22,58,100,,
UPCL,58,58,50,,
UPCL,58,58,10,,
RHGCL,58,38,10,,
SIGS2,10,34,2425,,
FOWAD,46,47,10,,
FOWAD,47,47,90,,
HIDCL,45,52,10,,
API,35,44,51,,
API,5,44,100,,
API,1,44,149,,
BHL,10,58,10,,
HEI,58,34,168,,
NABIL,50,14,10,,
CHDC,17,1,40,,
JBBL,57,14,300,,
CHCL,57,49,100,,
CHCL,58,49,50,,
CHCL,19,49,20,,
CHCL,33,49,200,,
CHCL,33,49,100,,
JBBL,57,46,38,,
UPCL,45,16,15,,
UPCL,22,16,100,,
MMFDB,13,4,20,,
UMRH,26,51,50,,
UMRH,1,51,100,,
UMRH,36,51,50,,
USLB,35,10,11,,
KBL,59,45,30,,
ADBL,52,40,69,,
SGHC,25,25,10,,
AKPL,34,45,10,,
GHL,58,57,80,,
GHL,5,57,10,,
GHL,40,57,10,,
SFCL,55,48,100,,
NIFRA,8,55,10,,
RHGCL,21,49,10,,
RHGCL,21,58,10,,
RHGCL,21,21,10,,
RHGCL,21,52,10,,
RHGCL,21,49,10,,
RHGCL,21,58,10,,
RHGCL,21,45,10,,
RHGCL,21,20,10,,
RHGCL,21,45,10,,
RHGCL,21,20,10,,
RHGCL,21,58,10,,
RHGCL,21,43,250,,
RHGCL,21,58,10,,
RHGCL,21,45,10,,
RHGCL,21,42,10,,
RHGCL,21,57,10,,
RHGCL,21,52,10,,
RHGCL,21,55,10,,
RHGCL,21,47,10,,
RHGCL,21,4,10,,
RHGCL,21,52,10,,
CORBL,42,14,80,,
UHEWA,20,4,10,,
CORBL,49,14,20,,
KRBL,5,51,10,,
RHGCL,58,6,10,,
RHGCL,21,43,40,,
RHGCL,21,32,10,,
MEN,4,58,30,,
MEN,42,58,10,,
MEN,59,58,50,,
MEN,58,58,10,,
EBL,21,49,500,,
NICA,49,45,500,,
NICA,14,45,300,,
NICA,45,45,50,,
SHEL,52,28,10,,
GVL,25,8,10,,
SADBL,47,44,60,,
SADBL,47,46,40,,
UHEWA,20,58,10,,
NESDO,26,58,10,,
AKPL,21,45,16,,
TPC,39,4,10,,
RHGCL,58,6,10,,
LICN,13,49,100,,
AKJCL,57,49,10,,
NIFRA,35,49,14,,
KSBBL,8,16,15,,
RHGCL,58,49,10,,
MNBBL,49,45,50,,
SANIMA,34,14,550,,
NMFBS,25,57,10,,
GVL,25,58,10,,
RHGCL,58,58,1,,
DORDI,14,57,200,,
JBBL,57,49,50,,
HDHPC,42,44,230,,
HDHPC,45,44,15,,
HDHPC,3,44,500,,
HDHPC,40,44,50,,
HDHPC,57,44,100,,
HDHPC,42,44,25,,
HDHPC,43,44,400,,
HDHPC,57,44,45,,
HDHPC,14,44,500,,
HDHPC,21,44,580,,
UHEWA,20,8,10,,
SICL,57,53,54,,
HDHPC,21,38,420,,
HDHPC,25,38,200,,
HDHPC,22,38,100,,
HDHPC,49,38,170,,
CHCL,58,43,30,,
NICL,58,10,20,,
NICL,52,10,28,,
MPFL,3,14,10,,
AHPC,50,59,870,,
AHPC,41,59,70,,
AHPC,14,59,50,,
AHPC,38,59,100,,
AHPC,28,59,500,,
AHPC,41,59,300,,
AHPC,38,59,200,,
AHPC,32,59,200,,
AHPC,58,59,200,,
AHPC,47,59,10,,
RHGCL,49,45,10,,
HHL,21,49,10,,
SHIVM,34,14,110,,
RHGCL,49,6,10,,
NICLBSL,34,34,10,,
UHEWA,43,45,10,,
UHEWA,43,49,10,,
SAHAS,6,58,10,,
FOWAD,47,45,10,,
KSBBL,34,14,43,,
KSBBL,16,14,100,,
RHGCL,19,38,10,,
NABIL,57,14,35,,
MLBL,8,49,890,,
MLBL,4,49,500,,
MLBL,50,49,10,,
MLBL,41,49,500,,
MLBL,33,49,500,,
NLG,41,49,500,,
UHEWA,20,10,10,,
RHGCL,19,58,10,,
EBL,50,39,1000,,
PRVU,39,58,68,,
RHGCL,19,8,10,,
RHGCL,19,58,10,,
NMB50,25,7,100,,
RHGCL,49,38,10,,
RHGCL,49,38,10,,
NBL,38,49,215,,
NBL,32,49,225,,
NBL,58,49,10,,
NBL,25,49,50,,
SAHAS,6,28,10,,
NICL,52,7,22,,
UNHPL,21,47,50,,
NABIL,1,54,10,,
RFPL,42,8,10,,
BFC,42,33,42,,
RHGCL,49,45,10,,
RULB,59,16,10,,
RULB,59,46,10,,
RULB,59,51,10,,
RULB,59,58,10,,
RHGCL,49,51,10,,
DORDI,6,57,290,,
RHGCL,41,39,10,,
UIC,58,34,10,,
NMBMF,16,10,35,,
KMCDB,53,34,12,,
NIFRA,35,28,43,,
RHGCL,42,49,10,,
MNBBL,57,44,22,,
GVL,25,52,10,,
RHGCL,42,34,10,,
RHGCL,42,58,10,,
BBC,34,45,10,,
NSLB,38,58,20,,
RHGCL,42,49,10,,
RHGCL,42,52,10,,
RHGCL,19,45,10,,
MMFDB,17,37,30,,
SKBBL,45,42,25,,
NCCB,48,33,24,,
NCCB,49,33,150,,
NCCB,17,33,50,,
NCCB,37,33,500,,
NCCB,11,33,110,,
NCCB,40,33,800,,
RHGCL,29,57,10,,
RHGCL,29,58,10,,
NCCB,35,33,100,,
RHGCL,29,16,10,,
NCCB,44,33,100,,
NCCB,56,33,20,,
NCCB,38,33,100,,
NCCB,50,33,151,,
MHL,35,25,30,,
DDBL,7,35,80,,
CZBIL,22,4,22,,
ALICL,29,25,100,,
ICFC,10,34,50,,
BHL,10,8,10,,
CHDC,17,28,10,,
NESDO,34,37,10,,
NRIC,45,41,44,,
NRIC,33,41,86,,
MHL,35,57,10,,
CGH,26,28,10,,
NRN,45,36,85,,
NRN,49,36,15,,
NIFRA,35,58,13,,
RHGCL,19,22,10,,
NLIC,41,56,17,,
NIFRA,35,49,14,,
IGI,58,38,11,,
RHGCL,19,28,10,,
SHPC,20,49,30,,
RHGCL,19,38,10,,
MDB,45,40,50,,
MDB,32,40,240,,
UHEWA,20,59,10,,
MMFDB,10,37,50,,
NICA,14,44,700,,
NICA,1,44,300,,
RHGCL,19,38,10,,
RHGCL,19,38,10,,
SPDL,45,58,132,,
SPDL,58,58,36,,
SPDL,35,58,32,,
RFPL,42,8,10,,
SANIMA,42,49,33,,
SANIMA,53,49,15,,
SANIMA,28,49,324,,
RHGCL,45,45,10,,
UIC,58,43,20,,
KBL,32,49,15,,
HIDCL,45,43,47,,
ICFC,10,47,15,,
NABIL,1,49,10,,
HIDCL,34,43,30,,
MERO,51,39,47,,
MERO,55,39,52,,
NABIL,1,29,480,,
NABIL,25,29,20,,
ALICL,8,10,10,,
SWBBL,22,44,14,,
PRVU,32,58,313,,
SHIVM,17,43,20,,
UHEWA,20,58,10,,
AKJCL,4,34,50,,
AKJCL,58,34,20,,
AKPL,21,58,75,,
AKPL,39,58,500,,
AKPL,38,58,25,,
AKPL,17,58,200,,
AKPL,42,58,200,,
GBBL,34,7,70,,
GBBL,54,7,130,,
MHL,35,25,460,,
MHL,48,25,40,,
SGHC,47,34,30,,
RHGCL,1,52,10,,
MMFDB,13,37,20,,
GHL,22,34,500,,
RHGCL,1,38,10,,
GHL,58,34,28,,
GHL,47,34,50,,
GHL,34,34,150,,
GHL,25,34,50,,
GHL,22,34,35,,
GHL,54,34,500,,
GHL,1,34,10,,
GHL,21,34,100,,
RHGCL,21,38,10,,
GILB,35,39,40,,
GILB,32,39,50,,
GILB,58,39,10,,
MHL,48,38,10,,
RHGCL,19,58,10,,
SGHC,47,58,10,,
RHGCL,19,52,10,,
NICA,46,36,20,,
NTC,49,54,50,,
MHL,48,48,10,,
SAHAS,6,6,10,,
BHL,10,51,10,,
RHGCL,29,34,10,,
RHGCL,29,32,10,,
UPCL,33,55,50,,
UPCL,22,55,100,,
UPCL,42,55,500,,
UPCL,58,55,100,,
UPCL,53,55,50,,
RHGCL,21,45,10,,
TPC,39,8,10,,
MHL,48,38,10,,
HIDCL,16,43,25,,
RHGCL,49,4,10,,
RHGCL,21,32,10,,
RHGCL,21,32,10,,
NESDO,34,50,21,,
NESDO,58,50,68,,
SGHC,47,29,10,,
RHGCL,41,4,10,,
JFL,25,45,50,,
SPDL,58,10,14,,
RHGCL,34,4,10,,
MBJC,29,44,885,,
MBJC,6,44,115,,
NTC,52,58,10,,
BPCL,45,39,30,,
RHGCL,21,49,10,,
HDHPC,14,44,200,,
KSBBL,11,43,20,,
UMHL,44,59,960,,
UMHL,47,59,40,,
SRBL,21,48,49,,
SRBL,21,13,10,,
SRBL,21,34,40,,
BHL,10,47,100,,
AKPL,10,49,100,,
BFC,42,51,58,,
MMF1,49,49,100,,
RHGCL,1,4,420,,
SHINE,57,34,64,,
SHINE,42,34,11,,
NRIC,33,41,214,,
NRIC,38,41,50,,
NRIC,58,41,30,,
NRIC,11,41,10,,
RHGCL,1,52,10,,
MHL,48,49,10,,
SHIVM,17,17,50,,
RHGCL,1,58,10,,
SBL,57,46,100,,
MBJC,6,8,10,,
ICFC,10,26,100,,
NIFRA,35,49,14,,
MBL,26,22,45,,
RHGCL,1,45,10,,
HIDCL,56,41,100,,
SGHC,47,51,10,,
SWBBL,49,34,92,,
SWBBL,58,34,200,,
NHPC,7,35,200,,
NSLB,38,58,30,,
HDHPC,57,44,100,,
HDHPC,50,44,146,,
HDHPC,7,44,10,,
HDHPC,8,44,200,,
HDHPC,14,44,200,,
JFL,34,52,88,,
JFL,54,52,15,,
PCBL,32,44,30,,
BHL,25,47,90,,
NESDO,58,58,37,,
NESDO,21,58,10,,
SGHC,47,57,10,,
SHIVM,17,10,200,,
NGPL,57,51,200,,
PICL,59,19,124,,
PICL,59,16,267,,
BHDC,28,8,10,,
JBLB,42,33,25,,
JBLB,45,33,10,,
JBLB,1,33,20,,
LICN,22,28,100,,
LICN,57,28,40,,
LICN,1,28,100,,
LICN,54,28,10,,
LICN,41,28,100,,
CIT,7,19,10,,
CIT,50,19,30,,
CIT,51,19,25,,
CIT,32,19,10,,
RHGCL,1,52,10,,
RHGCL,1,58,10,,
RHGCL,1,34,10,,
RHGCL,1,56,10,,
RHGCL,1,48,10,,
RHGCL,6,58,10,,
RULB,34,58,10,,
UPPER,45,39,100,,
RHGCL,1,52,10,,
MHL,48,49,10,,
GRDBL,49,14,60,,
MDB,32,34,60,,
MDB,11,34,940,,
AKJCL,45,49,248,,
MBJC,6,51,10,,
RHGCL,19,51,10,,
RHGCL,19,58,10,,
RHGCL,19,45,10,,
SAHAS,6,36,50,,
SHIVM,44,14,100,,
RHGCL,19,52,10,,
RHGCL,19,4,10,,
RHGCL,19,45,10,,
RHGCL,19,45,10,,
RHGCL,19,26,10,,
RHGCL,19,4,10,,
RHGCL,19,11,10,,
BFC,34,49,50,,
RHGCL,8,35,10,,
RHGCL,8,8,10,,
RHGCL,1,45,10,,
SRBL,34,55,490,,
SRBL,34,55,100,,
SRBL,14,55,1000,,
LBBL,57,32,350,,
SRBL,38,55,100,,
LBBL,59,32,170,,
SRBL,21,55,300,,
LBBL,36,32,480,,
SRBL,28,55,100,,
SRBL,55,55,90,,
SRBL,22,55,50,,
SRBL,38,55,270,,
RFPL,42,8,10,,
MBL,38,22,145,,
RHGCL,22,38,10,,
GILB,13,6,10,,
GBBL,54,51,76,,
KKHC,6,19,1790,,
KKHC,45,19,210,,
RIDI,7,58,50,,
BHL,25,49,10,,
NUBL,40,47,50,,
BNT,55,22,10,,
RHGCL,22,32,10,,
API,43,50,16,,
NBL,45,34,200,,
MHL,48,36,10,,
RHGCL,13,42,10,,
ICFC,57,45,175,,
SAHAS,6,21,10,,
SHPC,20,10,20,,
MLBL,58,49,1000,,
MLBL,4,49,1000,,
MLBL,41,49,500,,
MLBL,4,49,990,,
MLBL,38,49,20,,
HEI,58,25,87,,
HEI,28,25,10,,
RHGCL,13,49,10,,
HIDCL,56,14,75,,
HIDCL,34,14,25,,
SGHC,47,52,10,,
UPPER,6,58,25,,
UPPER,58,58,50,,
UPPER,19,58,250,,
UPPER,19,58,10,,
UPPER,16,58,50,,
UPPER,38,58,15,,
UPPER,11,58,200,,
UPPER,21,58,100,,
UPPER,36,58,10,,
UPPER,57,58,30,,
UPPER,45,58,50,,
UPPER,6,58,100,,
UPPER,8,58,200,,
ULBSL,39,57,10,,
AKJCL,57,49,108,,
GILB,58,39,11,,
RHGCL,41,32,10,,
RHGCL,41,49,10,,
RHGCL,41,52,10,,
ICFC,19,47,100,,
RHGCL,13,32,10,,
AKJCL,57,34,500,,
RHGCL,13,42,10,,
PCBL,32,17,10,,
RHGCL,13,51,10,,
API,43,58,425,,
API,54,58,100,,
NIFRA,45,55,10,,
AKPL,46,49,20,,
GUFL,51,26,19,,
GUFL,58,26,75,,
RHPL,29,7,20,,
UHEWA,22,6,10,,
MLBBL,45,46,19,,
SLBBL,13,47,10,,
RHGCL,13,42,10,,
AKPL,50,19,500,,
AKPL,32,19,50,,
AKPL,36,19,315,,
RHGCL,13,4,10,,
UNHPL,21,14,50,,
UNHPL,59,14,500,,
UNHPL,21,14,100,,
UNHPL,58,14,100,,
PCBL,22,43,50,,
PCBL,34,43,50,,
MHL,22,45,10,,
RHGCL,13,34,10,,
RIDI,51,59,75,,
RIDI,57,59,25,,
UMHL,39,59,191,,
MLBS,46,51,10,,
JALPA,39,29,15,,
RHGCL,19,46,10,,
RHGCL,13,4,10,,
KDBY,19,58,100,,
NLIC,42,20,14,,
NLIC,13,20,51,,
NLIC,11,20,10,,
NLIC,22,20,10,,
NLIC,42,20,10,,
NIFRA,35,49,14,,
KSBBL,11,34,78,,
MERO,55,39,10,,
MERO,55,39,100,,
GVL,7,45,500,,
GVL,5,45,430,,
GVL,26,45,200,,
GVL,41,45,500,,
MFIL,55,52,10,,
MFIL,55,55,10,,
PCBL,6,44,1000,,
UIC,59,16,591,,
RHGCL,13,4,10,,
OHL,20,17,10,,
RHGCL,49,4,10,,
UHEWA,22,32,10,,
UNHPL,58,36,900,,
LBBL,36,56,20,,
SHIVM,17,51,100,,
SGHC,41,58,50,,
CFCL,33,34,40,,
SGHC,57,58,50,,
SGHC,57,58,11,,
SGHC,34,58,100,,
SGHC,11,58,150,,
KSBBL,11,45,125,,
SGHC,11,48,10,,
MHL,22,49,10,,
SHIVM,17,14,125,,
SHIVM,52,14,10,,
SHIVM,22,14,10,,
SHIVM,58,14,40,,
SHIVM,43,14,15,,
NCCB,58,22,10,,
RHGCL,49,4,10,,
SGHC,11,34,10,,
GUFL,58,22,25,,
GUFL,50,22,10,,
NABBC,58,46,25,,
UHEWA,22,58,10,,
PSF,56,49,100,,
RFPL,49,34,30,,
RHGCL,45,42,10,,
RHGCL,41,52,10,,
UNL,5,28,10,,
RHGCL,42,28,10,,
NIFRA,17,55,100,,
MHL,22,35,10,,
SDLBSL,18,42,4,,
RHGCL,38,4,10,,
SHL,25,33,100,,
SHL,13,33,170,,
SHL,26,33,500,,
PCBL,42,17,10,,
PCBL,42,45,76,,
RHGCL,38,46,10,,
SGHC,11,8,10,,
RHGCL,41,52,10,,
RHGCL,41,57,10,,
KKHC,45,14,200,,
RHGCL,45,4,10,,
NABIL,57,14,40,,
NABIL,34,14,20,,
NABIL,49,14,10,,
NABIL,42,14,100,,
NABIL,21,14,20,,
NABIL,1,14,30,,
NABIL,6,14,200,,
NABIL,42,14,11,,
NABIL,21,14,20,,
NABIL,25,14,2000,,
NABIL,33,14,10,,
NABIL,58,14,100,,
NABIL,25,14,490,,
NABIL,8,14,135,,
RHGCL,45,6,10,,
RHGCL,45,45,10,,
RHGCL,58,58,10,,
RHGCL,58,57,10,,
RHGCL,58,6,10,,
GILB,34,39,100,,
GILB,22,39,30,,
GILB,49,39,10,,
GILB,44,39,50,,
GILB,26,39,10,,
RHGCL,45,38,10,,
NBL,22,41,21,,
UHEWA,22,45,110,,
UHEWA,39,45,430,,
UHEWA,14,45,200,,
UHEWA,52,45,50,,
UHEWA,55,45,10,,
GBBL,49,51,100,,
RHGCL,45,4,10,,
AKJCL,57,41,500,,
DORDI,58,45,30,,
DORDI,16,45,70,,
DORDI,53,45,10,,
API,47,58,20,,
API,7,58,100,,
API,41,58,100,,
API,26,58,500,,
API,52,58,100,,
API,6,58,500,,
API,58,58,10,,
API,53,58,30,,
API,58,58,19,,
API,57,58,698,,
API,41,58,256,,
API,25,58,100,,
API,41,58,70,,
API,40,58,50,,
API,37,58,200,,
API,58,58,10,,
API,45,58,65,,
API,35,58,1000,,
API,22,58,60,,
API,49,58,50,,
API,28,58,1000,,
API,39,58,60,,
UHEWA,55,49,10,,
CHDC,7,53,10,,
CFCL,36,48,77,,
AKJCL,57,33,322,,
RHGCL,42,38,10,,
GBLBS,34,20,35,,
SANIMA,28,36,160,,
SANIMA,39,36,100,,
SANIMA,57,36,40,,
NBL,1,58,10,,
RHGCL,42,57,10,,
HDHPC,58,45,25,,
NHPC,7,58,630,,
NHPC,44,58,100,,
NHPC,11,58,250,,
NHPC,34,58,20,,
RHGCL,42,4,10,,
GBBL,41,51,89,,
NIFRA,21,55,65,,
MLBL,51,38,10,,
GBBL,41,41,400,,
RHGCL,42,45,10,,
JBLB,46,48,13,,
JBLB,46,51,17,,
JBLB,46,38,10,,
KSBBL,45,34,100,,
KSBBL,57,34,41,,
PMHPL,11,16,140,,
PMHPL,45,16,20,,
PMHPL,5,16,100,,
PMHPL,44,16,200,,
PMHPL,54,16,40,,
RHGCL,42,45,10,,
RHGCL,58,4,10,,
HEI,58,34,48,,
NLG,39,52,43,,
NLG,25,52,40,,
NLG,52,52,50,,
NLG,25,52,100,,
NLG,35,52,117,,
NLG,8,52,200,,
SBI,7,8,10,,
RHGCL,58,34,10,,
JBLB,42,56,10,,
RHGCL,58,4,10,,
RHGCL,58,34,10,,
HPPL,46,28,20,,
KSBBL,34,45,100,,
BHDC,50,50,10,,
GILB,49,39,100,,
GILB,26,39,20,,
GILB,41,39,20,,
GILB,45,39,10,,
GILB,4,39,15,,
GILB,58,39,10,,
GILB,41,39,14,,
MFIL,6,43,100,,
NTC,58,28,112,,
PRVU,39,6,20,,
HPPL,46,28,20,,
HHL,48,45,10,,
RHGCL,36,4,10,,
NHPC,34,58,80,,
NHPC,32,58,500,,
NHPC,32,58,420,,
PICL,59,19,100,,
MHL,22,1,10,,
NICA,33,14,20,,
NICA,14,14,1000,,
NICA,5,14,30,,
NICA,51,14,50,,
NICA,58,14,130,,
NICA,58,14,35,,
AKJCL,57,7,100,,
KRBL,35,51,190,,
RHGCL,51,45,10,,
MKJC,45,49,10,,
MKJC,59,49,100,,
MKJC,50,49,10,,
MKJC,39,49,10,,
MKJC,58,49,40,,
NABIL,8,34,65,,
RHGCL,34,17,10,,
RHGCL,49,32,10,,
RHGCL,49,4,10,,
JSLBB,58,14,20,,
NTC,52,43,80,,
RHGCL,49,4,10,,
RHGCL,41,5,10,,
RHGCL,41,58,10,,
RHGCL,41,42,10,,
RHGCL,41,51,10,,
RHGCL,41,57,10,,
RHGCL,34,8,10,,
RHGCL,34,28,10,,
USHEC,47,42,10,,
API,39,34,290,,
API,41,34,100,,
API,8,34,70,,
API,52,34,40,,
RHGCL,34,45,10,,
GHL,1,56,20,,
RHGCL,34,53,10,,
MEN,32,58,20,,
MEN,7,58,100,,
RHGCL,34,4,10,,
NABIL,11,34,13,,
SHIVM,43,34,485,,
SHIVM,38,34,25,,
SHIVM,17,34,500,,
SHIVM,13,34,20,,
SHIVM,34,34,60,,
SHIVM,34,34,100,,
SHIVM,5,34,10,,
SGHC,11,58,10,,
SBI,36,8,150,,
HHL,48,46,10,,
MHL,22,4,10,,
MBJC,6,1,10,,
SWBBL,49,43,158,,
UHEWA,52,42,10,,
USHEC,47,21,10,,
UHEWA,52,58,10,,
CIT,32,58,17,,
RHGCL,50,53,10,,
BFC,34,39,300,,
RADHI,45,59,50,,
UHEWA,52,6,10,,
RHGCL,58,58,10,,
JBLB,49,48,10,,
CIT,45,58,10,,
RHGCL,58,6,10,,
MEN,41,58,10,,
NHDL,17,47,10,,
MNBBL,52,44,38,,
UHEWA,52,46,10,,
UHEWA,52,16,10,,
RHGCL,58,41,10,,
RHGCL,58,21,10,,
NTC,52,57,988,,
NTC,57,57,20,,
NTC,49,57,100,,
NTC,28,57,60,,
MBJC,6,44,105,,
MBJC,13,44,30,,
MBJC,34,44,55,,
MBJC,29,44,100,,
MBJC,58,44,10,,
MBJC,25,44,50,,
MBJC,14,44,50,,
MBJC,6,44,190,,
MBJC,6,44,100,,
MBJC,45,44,170,,
MBJC,6,44,100,,
MBJC,14,44,40,,
SWBBL,26,43,50,,
SWBBL,25,43,35,,
RHGCL,58,45,10,,
SWBBL,32,43,100,,
SWBBL,38,43,100,,
SWBBL,1,43,42,,
SWBBL,41,43,30,,
JOSHI,34,56,20,,
RHGCL,57,58,10,,
RHGCL,57,41,10,,
CGH,48,29,10,,
NTC,28,56,40,,
KRBL,35,50,200,,
NIFRA,35,4,50,,
BHDC,50,56,10,,
MLBL,4,20,1000,,
SGHC,11,58,10,,
ACLBSL,40,51,13,,
AKPL,50,44,850,,
AKPL,10,44,150,,
AKPL,44,44,50,,
AKPL,47,44,20,,
AKPL,50,44,80,,
AKPL,56,44,500,,
SBL,49,58,10,,
AKPL,44,44,30,,
AKPL,57,44,150,,
AKPL,22,44,50,,
AKPL,32,44,130,,
RHGCL,57,5,10,,
UHEWA,52,58,10,,
NABIL,36,25,17,,
NABIL,36,5,97,,
RHGCL,57,17,10,,
RHGCL,57,38,10,,
KRBL,35,13,30,,
KRBL,39,13,20,,
RHGCL,44,58,10,,
HIDCLP,55,59,1000,,
NRIC,17,41,200,,
NRIC,54,41,50,,
NRIC,45,41,20,,
NRIC,40,41,100,,
NICA,58,42,100,,
NICA,25,42,30,,
RHGCL,44,45,10,,
RHGCL,44,38,10,,
KDBY,19,58,100,,
JALPA,58,58,10,,
RHGCL,44,42,10,,
RHGCL,44,4,16,,
SHIVM,17,14,34,,
MDB,11,50,60,,
RHGCL,44,34,10,,
CHL,49,34,80,,
UNHPL,32,47,100,,
UMHL,39,59,59,,
UMHL,32,59,500,,
UMHL,58,59,10,,
UMHL,21,59,100,,
UMHL,32,59,86,,
UMHL,32,59,200,,
UMHL,21,59,45,,
RHGCL,44,32,10,,
PROFL,58,45,10,,
RHGCL,44,17,10,,
RHGCL,44,46,10,,
RHGCL,4,48,10,,
NBL,38,17,10,,
LEC,32,7,110,,
SHIVM,17,36,146,,
UPPER,58,58,4,,
UPPER,58,51,16,,
UPPER,38,51,12,,
UPPER,42,51,37,,
RHGCL,34,58,10,,
AKJCL,57,49,100,,
AKJCL,57,33,370,,
MBL,32,44,362,,
MNBBL,21,44,15,,
NIFRA,58,55,15,,
KRBL,58,13,50,,
RHGCL,43,38,10,,
RHGCL,14,45,10,,
MBJC,14,22,10,,
RHGCL,14,17,10,,
MHL,22,38,10,,
BHDC,50,7,10,,
AKPL,32,34,120,,
AKPL,49,34,50,,
AKPL,55,34,30,,
AKPL,5,34,500,,
AKPL,38,34,100,,
AKPL,34,34,200,,
SGHC,49,35,10,,
RHGCL,14,42,10,,
UHEWA,52,54,10,,
NIFRA,35,4,14,,
RHGCL,14,35,10,,
NRIC,18,42,6,,
RHGCL,14,11,10,,
RHGCL,14,29,10,,
SHIVM,17,7,500,,
RFPL,49,38,10,,
BARUN,58,47,50,,
BARUN,58,47,10,,
MBL,32,49,28,,
CIT,32,58,10,,
USHEC,47,34,10,,
UPPER,40,51,35,,
RHGCL,14,42,10,,
CLBSL,14,40,10,,
CLBSL,1,40,200,,
CLBSL,35,40,20,,
CLBSL,46,40,70,,
SIGS2,10,10,1575,,
RHGCL,14,52,10,,
RHGCL,14,11,10,,
API,36,1,19,,
UMRH,7,50,75,,
UMRH,45,50,100,,
NICA,54,44,200,,
NICA,35,44,20,,
NICA,4,44,25,,
NICA,51,44,10,,
RHGCL,14,16,10,,
NICA,34,44,60,,
NICA,47,44,60,,
NICA,22,44,10,,
NICA,36,44,40,,
NICA,45,44,40,,
HIDCL,42,45,60,,
HIDCL,47,45,31,,
RHPL,5,13,10,,
NESDO,28,52,10,,
MLBSL,54,35,10,,
PRVU,43,51,10,,
MPFL,3,32,750,,
MPFL,58,32,50,,
MPFL,52,32,200,,
UHEWA,52,32,10,,
MBJC,14,21,10,,
RHGCL,34,52,10,,
GBBL,17,17,1,,
SICL,57,59,14,,
SINDU,46,8,400,,
HIDCL,47,6,16,,
RHGCL,34,4,10,,
UPCL,50,49,333,,
SRBL,17,8,924,,
RHGCL,34,29,10,,
NBL,22,7,29,,
MNBBL,49,44,20,,
MNBBL,10,44,100,,
MNBBL,53,44,10,,
MNBBL,38,44,50,,
MNBBL,22,44,50,,
MNBBL,32,44,12,,
MNBBL,49,44,10,,
MNBBL,41,44,450,,
DORDI,53,56,10,,
BHDC,50,34,10,,
RHGCL,34,52,10,,
MHL,22,41,10,,
SSHL,36,35,400,,
RHGCL,34,58,10,,
NHPC,32,34,30,,
RHGCL,22,29,10,,
RHGCL,22,1,10,,
API,17,17,1,,
GBBL,41,7,11,,
RHGCL,22,35,10,,
UHEWA,52,3,10,,
MFIL,59,43,70,,
CIT,41,45,10,,
CZBIL,22,11,60,,
NLBBL,56,34,100,,
MBL,32,49,50,,
RHGCL,57,58,10,,
RHGCL,57,22,10,,
RHGCL,57,4,80,,
RHGCL,58,4,10,,
RHGCL,45,4,10,,
SPDL,29,58,200,,
UHEWA,52,28,10,,
UMHL,21,1,55,,
NABIL,54,5,10,,
RHGCL,58,17,10,,
RHGCL,57,32,10,,
RHGCL,57,22,10,,
RHGCL,40,45,10,,
NCCB,49,11,16,,
RHGCL,40,4,10,,
USHEC,19,42,10,,
RHGCL,40,29,10,,
UMRH,19,50,50,,
UMRH,28,50,90,,
UMRH,28,50,200,,
RHGCL,40,14,10,,
RHGCL,40,48,10,,
CHCL,42,43,39,,
CHCL,1,43,100,,
MBL,32,17,10,,
MBL,32,44,550,,
RHGCL,40,49,10,,
API,52,38,110,,
API,32,38,940,,
API,57,38,900,,
API,58,38,50,,
NHPC,44,34,70,,
NHPC,52,34,100,,
NHPC,29,34,19,,
CFCL,56,48,177,,
CFCL,21,48,100,,
CFCL,22,48,15,,
CFCL,55,48,25,,
CFCL,40,48,40,,
CFCL,32,48,10,,
CFCL,58,48,50,,
RHGCL,40,29,10,,
MHL,22,57,10,,
SBL,57,38,21,,
SKBBL,7,3,10,,
UPCL,50,26,300,,
RHGCL,40,35,10,,
USHEC,19,57,10,,
USHEC,19,41,10,,
USHEC,19,58,10,,
USHEC,19,32,10,,
USHEC,19,35,10,,
USHEC,19,29,10,,
USHEC,19,22,10,,
USHEC,19,58,10,,
USHEC,19,58,10,,
MNBBL,41,22,50,,
MNBBL,57,22,32,,
RHGCL,40,6,10,,
USHEC,47,58,10,,
SPDL,26,58,200,,
SGHC,49,49,10,,
RHGCL,40,45,10,,
MBL,38,14,10,,
MBL,3,14,40,,
MBL,43,14,1430,,
GVL,5,6,10,,
CHDC,17,1,190,,
UPCL,50,34,1669,,
UPCL,55,34,331,,
KBL,5,38,40,,
KBL,5,35,500,,
KBL,5,34,53,,
RHGCL,58,58,10,,
CHCL,4,43,74,,
HHL,52,47,10,,
CIT,32,45,20,,
DORDI,45,38,90,,
DORDI,45,51,10,,
ULBSL,51,49,20,,
ULBSL,36,49,10,,
SHIVM,17,58,20,,
SHIVM,49,58,80,,
SHIVM,8,58,100,,
SHIVM,26,58,200,,
SHIVM,17,58,90,,
SHIVM,17,58,200,,
NABIL,11,3,57,,
NABIL,57,3,19,,
SICL,57,34,105,,
HHL,38,16,50,,
HHL,20,16,20,,
HHL,55,16,130,,
RHGCL,40,48,10,,
HHL,55,18,10,,
HBL,52,49,135,,
HBL,28,49,200,,
HEI,58,51,12,,
RHGCL,40,45,10,,
UMRH,48,50,100,,
UMRH,38,50,50,,
UMRH,48,50,200,,
RHGCL,40,13,10,,
RHGCL,40,47,10,,
HHL,55,47,10,,
SADBL,1,34,500,,
NTC,42,28,4545,,
HIDCL,47,34,78,,
RHGCL,40,32,10,,
HIDCL,29,34,24,,
HIDCL,19,34,30,,
HIDCL,57,34,34,,
RHGCL,40,28,10,,
RHGCL,40,58,10,,
CBBL,48,1,13,,
RHGCL,40,53,10,,
AKJCL,53,33,100,,
AKPL,38,44,200,,
KSBBL,52,16,80,,
GVL,5,58,10,,
HHL,55,47,10,,
RHGCL,40,47,10,,
RHGCL,40,49,10,,
SLBBL,42,47,100,,
HHL,55,58,10,,
RHGCL,40,16,10,,
HHL,55,47,10,,
UMRH,49,50,95,,
RHGCL,40,47,10,,
RHGCL,40,11,10,,
RHGCL,40,45,10,,
RHGCL,40,11,10,,
RHGCL,40,58,10,,
RHGCL,40,58,10,,
RHGCL,40,45,10,,
RHGCL,40,17,10,,
RHGCL,40,58,10,,
JBLB,44,58,20,,
HHL,55,47,10,,
RHGCL,34,45,10,,
SADBL,1,1,100,,
HHL,36,38,370,,
RHGCL,34,47,10,,
RHGCL,34,52,10,,
NTC,42,8,440,,
NTC,42,25,15,,
RHGCL,34,48,10,,
AKPL,10,44,100,,
UHEWA,20,32,10,,
HHL,36,47,10,,
UPCL,4,10,150,,
CORBL,49,51,100,,
MLBS,46,57,10,,
HBL,7,49,29,,
ADBL,39,5,20,,
KRBL,59,58,35,,
NABIL,19,5,10,,
NBL,38,17,10,,
SBI,36,8,10,,
NHDL,49,45,500,,
HHL,36,47,10,,
NRIC,28,42,59,,
SHIVM,26,56,210,,
USHEC,47,28,30,,
RHGCL,49,47,10,,
RHGCL,48,34,10,,
RHPL,29,18,20,,
RHPL,48,18,20,,
DORDI,16,21,10,,
PRVU,45,51,300,,
KBL,22,39,53,,
KBL,10,39,50,,
KBL,34,39,300,,
KBL,16,39,11,,
KBL,32,39,14,,
KBL,4,39,300,,
KBL,44,39,20,,
KBL,42,39,25,,
KBL,5,39,100,,
RHGCL,48,35,10,,
ALICL,45,39,89,,
ICFC,6,17,100,,
NTC,45,25,15,,
NTC,45,4,85,,
USHEC,47,21,10,,
SSHL,4,35,50,,
UMRH,28,50,50,,
UHEWA,20,33,10,,
RHGCL,48,6,10,,
SRBL,17,29,67,,
SRBL,14,29,1000,,
SRBL,37,29,39,,
LBL,42,29,10,,
UHEWA,20,32,10,,
RFPL,49,52,10,,
AKPL,58,44,192,,
RHGCL,48,51,10,,
UHEWA,20,45,10,,
RHGCL,13,37,10,,
RHGCL,13,58,10,,
RHGCL,19,58,10,,
AKPL,6,44,500,,
AKPL,17,44,79,,
AKPL,54,44,140,,
AKPL,36,44,10,,
AKPL,34,44,11,,
AKPL,56,44,500,,
AKPL,32,44,100,,
AKPL,38,44,200,,
AKPL,53,44,490,,
AKPL,50,44,1000,,
AKPL,50,44,1000,,
AKPL,25,44,71,,
AKPL,6,44,300,,
AKPL,20,44,80,,
RHGCL,54,36,10,,
EDBL,11,58,100,,
HHL,14,16,50,,
HHL,38,16,40,,
HHL,38,16,40,,
SAEF,8,57,10000,,
CORBL,49,36,30,,
CORBL,54,36,150,,
CORBL,49,36,100,,
UHEWA,20,32,10,,
SGHC,49,42,10,,
BHDC,50,49,10,,
PCBL,52,45,52,,
MHL,22,17,10,,
NABIL,54,5,10,,
BHL,10,47,10,,
RHGCL,19,58,10,,
RIDI,57,58,40,,
SBI,58,8,50,,
SBI,33,8,20,,
NLIC,28,57,39,,
NLIC,28,6,51,,
USHEC,47,45,10,,
BNHC,17,6,10,,
ADBL,39,59,120,,
EDBL,11,51,20,,
CHDC,17,58,10,,
ENL,25,48,90,,
ENL,59,48,20,,
PCBL,34,4,25,,
BHL,10,52,10,,
RHGCL,29,58,10,,
RHGCL,29,42,10,,
RHGCL,29,45,10,,
RHGCL,29,29,10,,
RHGCL,43,32,10,,
USHEC,47,57,10,,
RHGCL,29,42,10,,
SWMF,14,40,50,,
SWMF,6,40,25,,
SWMF,38,40,20,,
SWMF,34,40,25,,
SWMF,43,40,20,,
RFPL,49,17,10,,
NTC,52,58,10,,
RHGCL,29,20,10,,
JBBL,57,4,25,,
BHL,10,6,10,,
SADBL,38,46,100,,
SADBL,28,46,60,,
NYADI,29,6,10,,
SHEL,52,37,100,,
NRIC,57,17,10,,
UHEWA,52,17,10,,
SGHC,49,29,10,,
HHL,38,46,10,,
NABIL,57,4,25,,
UHEWA,52,32,10,,
JBLB,21,26,10,,
RHGCL,29,42,10,,
NGPL,42,43,12,,
RHGCL,29,41,10,,
SHIVM,17,41,300,,
RHGCL,58,20,10,,
API,45,50,10,,
NIFRA,37,55,226,,
NYADI,29,47,10,,
RHGCL,29,49,10,,
RHGCL,29,6,10,,
RHGCL,57,29,10,,
MBJC,14,45,10,,
MFIL,59,6,30,,
UHEWA,43,26,10,,
GLBSL,49,56,20,,
SADBL,28,53,20,,
PCBL,44,45,174,,
RHGCL,57,34,10,,
RHGCL,57,45,10,,
RHGCL,47,58,10,,
RHGCL,47,52,10,,
RHGCL,47,58,10,,
RHGCL,47,41,10,,
RHGCL,47,38,10,,
RHGCL,47,29,10,,
RHGCL,47,29,10,,
RHGCL,47,58,10,,
RHGCL,47,7,10,,
RHGCL,47,58,10,,
RHGCL,57,53,10,,
CIT,32,45,43,,
RHGCL,57,29,10,,
RHGCL,57,49,10,,
DORDI,16,19,10,,
HIDCL,57,49,61,,
RHGCL,28,45,10,,
RHGCL,28,16,10,,
RHGCL,28,35,10,,
RHGCL,28,45,10,,
RHGCL,28,29,10,,
RHGCL,41,32,10,,
NICLBSL,36,6,56,,
NICLBSL,53,6,25,,
NICLBSL,43,6,50,,
NICLBSL,38,6,40,,
HHL,58,16,10,,
HHL,55,16,71,,
GVL,5,45,10,,
SRBL,37,8,81,,
SRBL,21,8,10,,
UHEWA,43,34,10,,
RHGCL,38,37,10,,
SAPDBL,41,21,18,,
PCBL,45,45,100,,
SHIVM,26,57,90,,
SHIVM,44,57,100,,
SHIVM,17,57,200,,
SHIVM,51,57,50,,
SHIVM,34,57,60,,
MHL,43,49,10,,
RHGCL,39,48,10,,
RHGCL,38,58,10,,
RHGCL,41,29,10,,
USHEC,47,58,10,,
NLIC,51,39,22,,
NMBMF,16,49,15,,
RHGCL,54,16,10,,
MBL,28,49,50,,
MHL,43,49,10,,
DORDI,16,55,10,,
UHEWA,43,4,10,,
UHEWA,43,58,10,,
UHEWA,43,58,10,,
UHEWA,43,34,10,,
UHEWA,43,58,10,,
UHEWA,43,11,10,,
UPPER,6,59,25,,
RHGCL,54,29,10,,
NICA,45,4,10,,
BHDC,50,47,10,,
MLBSL,34,58,10,,
RHGCL,54,39,10,,
MHL,43,45,10,,
API,34,50,19,,
UMRH,28,50,90,,
RHGCL,54,45,10,,
RHGCL,54,49,10,,
BHDC,50,47,10,,
CIT,32,48,21,,
RADHI,8,59,90,,
RHGCL,36,42,10,,
RHGCL,36,58,10,,
SHINE,57,56,10,,
MHNL,53,55,300,,
MHNL,53,35,850,,
MHNL,53,45,500,,
MHNL,53,42,300,,
RHGCL,36,32,10,,
NLG,39,58,100,,
AHPC,25,34,50,,
RHGCL,36,7,10,,
NIFRA,37,45,124,,
BHDC,50,47,10,,
RHGCL,36,39,10,,
CZBIL,22,57,74,,
CZBIL,56,57,26,,
RHGCL,36,29,10,,
UMRH,28,50,110,,
UMRH,21,50,50,,
UMRH,38,50,40,,
RHGCL,36,58,10,,
RHGCL,36,45,10,,
RHGCL,36,45,10,,
SAHAS,42,56,10,,
NIFRA,39,26,20,,
NIFRA,41,26,12,,
NCCB,34,51,50,,
RHGCL,36,49,10,,
BHDC,50,47,10,,
BHDC,28,7,10,,
RHGCL,42,35,10,,
RHGCL,59,35,10,,
RHGCL,59,11,10,,
NBL,35,34,399,,
RHGCL,59,48,10,,
SHL,35,36,100,,
GBBL,17,17,1,,
BHDC,28,47,10,,
NABBC,18,46,10,,
CFCL,41,34,190,,
BHDC,28,7,10,,
RHGCL,59,22,10,,
RHGCL,59,17,10,,
RHGCL,59,45,10,,
RHGCL,59,58,10,,
BHDC,28,47,10,,
NRIC,42,42,10,,
RHGCL,59,39,10,,
RHGCL,59,58,10,,
NGPL,25,43,50,,
KDBY,19,38,100,,
BHL,45,58,10,,
RHGCL,59,48,10,,
RHGCL,56,22,10,,
RHGCL,38,14,10,,
RHGCL,6,38,10,,
BHDC,28,47,10,,
UMRH,38,50,60,,
UMRH,21,50,40,,
NHPC,29,56,11,,
NABIL,57,17,16,,
RHGCL,38,29,10,,
RHGCL,6,29,10,,
CIT,32,7,11,,
RHGCL,6,32,10,,
RHGCL,6,22,10,,
KDBY,41,48,100,,
CFCL,41,25,280,,
RHGCL,6,39,10,,
BHDC,28,47,10,,
PFL,42,45,134,,
PFL,42,4,16,,
NBL,35,56,10,,
NBL,32,34,100,,
NBL,8,34,10,,
NFS,45,51,100,,
RHGCL,52,47,10,,
BHDC,28,47,10,,
SGHC,49,40,10,,
RHGCL,49,13,10,,
RHGCL,49,13,10,,
GVL,5,34,10,,
MPFL,56,57,1000,,
MPFL,34,57,500,,
MPFL,58,57,50,,
MPFL,29,57,100,,
MPFL,39,57,20,,
MPFL,57,57,30,,
RHGCL,50,22,10,,
NIFRA,41,35,80,,
NUBL,37,4,20,,
MNBBL,57,56,17,,
MBL,28,44,450,,
MBL,28,44,50,,
BHDC,28,47,10,,
API,45,50,30,,
RHGCL,50,29,10,,
RHGCL,52,39,10,,
RHGCL,45,52,10,,
RHGCL,45,36,10,,
UMRH,21,50,60,,
UMRH,38,50,40,,
RHGCL,45,19,10,,
GRDBL,49,58,10,,
HEI,58,49,140,,
BHDC,28,47,10,,
RHGCL,45,35,10,,
SRBL,21,39,100,,
RHGCL,45,32,10,,
BARUN,28,47,40,,
RHGCL,45,29,10,,
NTC,58,53,200,,
CBBL,52,17,10,,
ICFC,32,42,100,,
UPCL,4,58,50,,
PFL,6,45,10,,
PFL,48,45,20,,
NHPC,29,38,50,,
NHPC,11,38,50,,
NIL,35,57,30,,
RHGCL,45,39,10,,
NABIL,49,5,23,,
MHL,43,16,10,,
DORDI,58,58,10,,
AHPC,28,59,785,,
AHPC,58,59,10,,
AHPC,45,59,250,,
AHPC,14,59,300,,
AHPC,25,59,50,,
AHPC,48,59,50,,
AHPC,44,59,10,,
AHPC,49,59,45,,
MPFL,57,32,170,,
MPFL,21,32,100,,
PPCL,53,5,500,,
SFCL,36,6,15,,
ACLBSL,45,40,10,,
SHEL,52,55,10,,
RHGCL,45,49,376,,
RHGCL,38,49,20,,
RHGCL,17,49,70,,
RHGCL,17,48,10,,
MLBL,4,56,10,,
NIFRA,41,58,26,,
AHPC,49,59,455,,
AHPC,21,59,15,,
AHPC,26,59,50,,
AHPC,50,59,80,,
AHPC,32,59,200,,
AHPC,58,59,200,,
RHGCL,17,39,10,,
ENL,59,45,10,,
NESDO,28,58,30,,
NESDO,19,58,20,,
RHGCL,17,35,10,,
GVL,5,16,10,,
SAHAS,42,41,10,,
MBJC,14,56,10,,
RHGCL,45,48,10,,
RHGCL,45,38,10,,
RHGCL,45,35,10,,
MBJC,25,14,10,,
PCBL,56,4,190,,
PCBL,1,45,250,,
JBBL,57,56,10,,
RHGCL,43,55,10,,
RHGCL,45,38,10,,
RHGCL,45,35,10,,
NLG,14,41,100,,
RHGCL,6,39,10,,
RHGCL,6,51,10,,
JALPA,46,54,10,,
SKBBL,59,45,100,,
SKBBL,17,45,40,,
SKBBL,55,45,30,,
SKBBL,22,45,19,,
RHGCL,25,6,10,,
SGHC,49,42,10,,
RHGCL,25,48,10,,
HHL,55,34,10,,
RHGCL,25,45,10,,
CBBL,21,22,15,,
DORDI,6,16,10,,
RHGCL,25,8,10,,
RHGCL,25,45,10,,
RHGCL,25,13,10,,
SRBL,42,8,76,,
RHGCL,25,58,10,,
RHGCL,25,49,10,,
RHGCL,25,45,10,,
RHGCL,25,58,10,,
SRBL,42,16,114,,
SRBL,58,16,81,,
NABIL,34,5,150,,
RIDI,42,48,50,,
RIDI,5,48,50,,
SICL,47,45,26,,
SICL,51,45,33,,
SICL,21,45,50,,
SICL,58,45,36,,
BARUN,42,47,160,,
RHGCL,7,48,10,,
NHDL,34,45,10,,
JSLBB,58,58,10,,
UPPER,49,44,30,,
RHGCL,34,59,10,,
RSDC,22,7,10,,
RHGCL,34,39,10,,
DORDI,45,45,30,,
DORDI,34,45,170,,
DORDI,16,45,100,,
DORDI,33,45,40,,
RULB,34,42,10,,
SICL,58,3,14,,
DHPL,58,50,10,,
RHGCL,59,32,10,,
RHGCL,59,48,10,,
RHGCL,59,45,10,,
NGPL,57,42,102,,
RHGCL,59,58,10,,
RHGCL,59,45,10,,
SCB,28,45,210,,
SCB,22,45,20,,
SCB,52,45,20,,
MERO,19,39,104,,
SCB,52,45,20,,
SCB,52,45,20,,
SCB,51,45,100,,
SCB,52,45,20,,
SCB,33,45,20,,
SCB,4,45,50,,
RIDI,4,34,20,,
RIDI,7,34,30,,
BFC,32,38,50,,
RIDI,52,34,50,,
USHEC,47,47,10,,
RHGCL,59,48,10,,
ALICL,29,39,10,,
RHGCL,59,45,10,,
RHGCL,59,41,10,,
FOWAD,28,17,10,,
UHEWA,52,58,10,,
SADBL,53,41,1000,,
SICL,56,3,25,,
SRBL,58,3,119,,
RHGCL,59,38,10,,
HBL,7,53,20,,
BARUN,42,47,40,,
SBL,57,45,79,,
SBL,1,45,100,,
SBL,38,45,130,,
SBL,58,45,30,,
SBL,35,45,100,,
SBL,56,45,27,,
SBL,5,45,30,,
SBL,34,45,180,,
SBL,56,45,50,,
SBL,25,45,100,,
SBL,21,45,100,,
SBL,5,45,30,,
SBL,1,45,70,,
SBL,13,45,50,,
SBL,57,45,165,,
SBL,43,45,30,,
SBL,6,45,50,,
SBL,34,45,10,,
SBL,58,45,50,,
RHGCL,59,58,10,,
SAHAS,42,42,10,,
MBL,49,44,40,,
RHGCL,45,16,10,,
STC,45,37,20,,
NLICL,52,34,50,,
SADBL,6,53,40,,
BFC,42,38,30,,
KSBBL,21,41,20,,
KSBBL,58,41,13,,
PCBL,56,3,50,,
RHGCL,59,47,10,,
RHGCL,59,58,10,,
MHL,43,58,10,,
RHGCL,59,38,10,,
RHGCL,59,39,10,,
RHPL,48,57,30,,
RHGCL,59,34,10,,
BFC,42,5,100,,
RHGCL,59,32,10,,
MHL,43,34,10,,
JBBL,57,38,20,,
MBJC,14,13,10,,
BPCL,51,39,50,,
BPCL,37,39,100,,
BPCL,58,39,10,,
SANIMA,28,45,231,,
SANIMA,58,45,340,,
SANIMA,6,45,89,,
UHEWA,52,45,10,,
NMB,16,41,50,,
RHGCL,59,58,10,,
RHGCL,59,48,10,,
SGHC,49,6,10,,
UHEWA,52,17,10,,
HHL,49,38,75,,
RHGCL,59,39,10,,
SHIVM,34,14,40,,
SHIVM,35,14,10,,
SGHC,48,58,10,,
NIFRA,49,45,15,,
NIFRA,38,45,15,,
NIFRA,45,45,10,,
NIFRA,21,45,100,,
NIFRA,34,45,100,,
NIFRA,26,45,136,,
KDBY,41,41,500,,
MNBBL,57,48,50,,
MNBBL,49,48,50,,
RHGCL,59,48,10,,
PCBL,56,3,50,,
NYADI,59,59,10,,
NBL,35,57,191,,
NBL,58,57,26,,
RHGCL,14,46,10,,
GUFL,28,47,50,,
KEF,58,49,100,,
RHGCL,14,36,10,,
RHGCL,14,38,10,,
JBBL,57,21,70,,
RHGCL,14,34,10,,
RHGCL,14,49,10,,
PRVU,39,45,196,,
PRVU,20,45,100,,
PRVU,28,45,40,,
PRVU,57,45,16,,
PRVU,25,45,39,,
PRVU,52,45,500,,
PRVU,38,45,69,,
JBLB,34,6,10,,
RHGCL,14,59,10,,
RHGCL,14,58,10,,
RHGCL,14,48,10,,
MBJC,53,6,10,,
NIFRA,26,13,44,,
RHGCL,14,48,10,,
UMRH,38,6,10,,
AKJCL,57,33,10,,
SHINE,55,58,100,,
ALICL,37,8,10,,
CZBIL,56,44,150,,
USHEC,47,45,10,,
RHGCL,14,35,10,,
NLIC,51,39,15,,
RHGCL,42,58,10,,
RHGCL,42,48,10,,
RHGCL,34,36,10,,
RHGCL,34,39,10,,
JBBL,57,41,100,,
JBBL,49,41,10,,
RHGCL,34,58,10,,
RHGCL,34,17,10,,
MFIL,55,26,50,,
BARUN,34,47,50,,
BARUN,41,47,10,,
PCBL,19,45,100,,
PCBL,51,45,50,,
PCBL,38,45,10,,
PCBL,25,45,178,,
RHGCL,34,38,10,,
NICA,22,29,15,,
NICA,34,29,35,,
NICA,45,29,50,,
RHGCL,38,44,54,,
RHGCL,58,44,10,,
RHGCL,49,44,380,,
RHGCL,49,42,10,,
RIDI,7,3,20,,
RIDI,1,3,50,,
RIDI,26,3,30,,
ACLBSL,50,40,13,,
RHGCL,49,42,10,,
RADHI,8,58,200,,
CZBIL,3,44,38,,
CZBIL,58,44,11,,
GRDBL,54,58,260,,
GRDBL,6,58,10,,
USHEC,36,47,10,,
RHGCL,49,42,10,,
MHL,43,46,10,,
MHL,43,58,10,,
MHL,43,35,10,,
USHEC,36,7,10,,
NABIL,35,25,10,,
SABSL,38,29,10,,
GVL,5,4,10,,
RHGCL,17,49,10,,
RHGCL,49,32,10,,
NABIL,36,1,1,,
NMB,16,45,302,,
NMB,25,45,10,,
NMB,6,45,500,,
NMB,45,45,178,,
RHGCL,49,36,10,,
SBCF,26,13,1000,,
RHGCL,49,59,10,,
SFCL,11,6,25,,
IGI,8,50,10,,
MLBL,4,49,1000,,
GVL,5,49,10,,
MLBL,4,49,790,,
RHGCL,58,4,10,,
RHGCL,49,28,10,,
HHL,49,38,100,,
UHEWA,38,4,10,,
HDHPC,3,44,200,,
TPC,3,32,10,,
RHGCL,54,39,10,,
ADBL,39,42,110,,
RHGCL,54,49,10,,
BHL,45,3,10,,
BFC,42,57,100,,
BFC,42,19,20,,
RHGCL,54,58,10,,
RHGCL,54,49,10,,
SHL,35,17,200,,
NIFRA,26,51,20,,
NIFRA,1,51,34,,
NFS,52,17,200,,
RHGCL,54,34,10,,
SGHC,48,38,10,,
USHEC,36,7,10,,
RBCLPO,40,7,20,,
NTC,52,58,50,,
RHGCL,49,58,10,,
RHGCL,49,48,10,,
SHEL,52,17,10,,
RHGCL,49,58,10,,
RHGCL,28,21,10,,
RHGCL,28,35,10,,
RHGCL,28,39,10,,
SFMF,3,47,373,,
MERO,49,39,28,,
MERO,13,39,65,,
RHGCL,28,32,10,,
HHL,55,58,10,,
MBJC,53,58,10,,
RHGCL,28,38,10,,
NCCB,50,44,49,,
BHL,5,52,10,,
HHL,55,21,10,,
MNBBL,48,45,10,,
MNBBL,41,45,500,,
MLBL,4,1,50,,
GBBL,54,47,200,,
NGPL,33,43,20,,
NIFRA,1,32,10,,
UHEWA,38,29,10,,
UHEWA,38,11,10,,
RHGCL,49,47,10,,
USHEC,36,18,10,,
RFPL,49,38,10,,
RHGCL,49,58,10,,
RHGCL,49,35,10,,
JFL,19,17,210,,
ICFC,32,25,100,,
MHL,22,47,10,,
NIFRA,1,32,33,,
SBL,42,7,10,,
GBBL,58,47,200,,
RHGCL,49,39,10,,
USHEC,36,58,10,,
BFC,32,38,50,,
MLBL,4,45,160,,
MLBL,34,45,220,,
BPCL,58,39,10,,
CIT,32,10,40,,
TPC,3,16,10,,
CFCL,41,48,100,,
RHGCL,49,35,10,,
RADHI,54,45,100,,
ENL,59,55,10,,
NICA,29,36,10,,
NLICL,34,26,100,,
UHEWA,38,17,10,,
UHEWA,45,17,10,,
NICA,45,39,75,,
NESDO,28,42,10,,
USHEC,36,28,20,,
NCCB,28,51,450,,
RHGCL,49,32,10,,
GLH,29,56,20,,
GLH,3,56,10,,
SPC,49,40,40,,
DORDI,33,17,10,,
LBBL,29,45,160,,
RHGCL,57,39,10,,
BHL,45,38,10,,
MERO,13,45,35,,
SPC,49,32,10,,
MERO,4,45,10,,
SGHC,49,58,10,,
SGHC,49,58,10,,
SGHC,49,38,10,,
HDL,1,57,10,,
PCBL,56,45,10,,
NCCB,28,40,50,,
NTC,26,58,100,,
RHGCL,48,49,20,,
RHGCL,29,49,20,,
RHGCL,49,49,20,,
RHGCL,58,49,20,,
RHGCL,49,49,20,,
RHGCL,57,49,240,,
RHGCL,57,32,10,,
RHGCL,57,42,10,,
ENL,59,17,10,,
RHGCL,57,58,10,,
RHGCL,57,32,10,,
MLBL,34,38,635,,
RHGCL,57,39,10,,
RHGCL,57,51,10,,
RHGCL,57,19,10,,
RHGCL,57,6,10,,
RHGCL,57,42,10,,
CFCL,41,11,430,,
HHL,55,58,10,,
NESDO,45,32,10,,
RHGCL,57,29,10,,
RHGCL,57,34,10,,
ENL,49,17,31,,
SGHC,48,3,10,,
BHL,45,32,10,,
HDHPC,52,44,1000,,
RHGCL,57,49,10,,
RHGCL,57,49,10,,
RHGCL,57,59,10,,
RHGCL,57,35,10,,
RFPL,49,38,10,,
USHEC,36,47,10,,
NTC,44,14,100,,
RIDI,26,48,70,,
RIDI,4,48,20,,
RIDI,4,48,10,,
LBBL,56,45,200,,
RHGCL,57,39,10,,
LBBL,45,45,50,,
LBBL,22,45,500,,
LBBL,1,45,15,,
LBBL,14,45,25,,
LBBL,42,45,50,,
RHGCL,57,35,10,,
HDHPC,47,44,100,,
KPCL,45,58,500,,
PRVU,38,45,131,,
PRVU,57,45,10,,
RULB,59,3,10,,
SHPC,35,43,10,,
NMB,45,58,22,,
NMB,58,58,40,,
NMB,29,58,50,,
BHDC,28,32,10,,
GBBL,54,17,394,,
GBBL,3,17,48,,
GBBL,42,17,58,,
HIDCL,58,43,40,,
RHGCL,33,41,10,,
RHGCL,33,57,10,,
SPC,49,45,10,,
SMATA,26,57,20,,
USHEC,36,38,10,,
ICFC,50,39,10,,
PCBL,25,43,822,,
PCBL,51,43,100,,
PCBL,43,43,175,,
PCBL,45,43,100,,
PCBL,53,43,30,,
PCBL,57,43,120,,
PCBL,57,43,200,,
PCBL,57,43,100,,
PCBL,57,43,250,,
PCBL,41,43,100,,
PCBL,57,43,100,,
PCBL,41,43,425,,
PCBL,17,43,28,,
PCBL,34,43,300,,
PCBL,49,43,50,,
RFPL,49,34,10,,
NGPL,3,43,300,,
USHEC,47,47,10,,
UPCL,4,14,300,,
UIC,6,20,15,,
LBBL,57,45,911,,
LBBL,34,45,100,,
LBBL,38,45,89,,
RFPL,49,3,10,,
RHGCL,28,38,10,,
AKJCL,38,6,190,,
AKJCL,52,6,10,,
NABIL,22,25,10,,
HHL,55,6,60,,
HHL,45,6,20,,
NGPL,57,57,65,,
NGPL,52,57,25,,
ADBL,45,42,10,,
RFPL,49,45,10,,
JBLB,42,6,10,,
JBLB,7,6,10,,
CZBIL,41,44,20,,
HIDCL,52,43,10,,
LBBL,8,47,190,,
RHGCL,28,32,10,,
SFMF,8,47,100,,
ENL,49,10,60,,
ENL,59,10,10,,
USHEC,47,47,10,,
UPCL,55,37,20,,
UPCL,34,37,30,,
RHGCL,28,39,10,,
SGHC,48,14,10,,
RHGCL,28,21,10,,
SADBL,6,4,60,,
SADBL,58,4,40,,
RHGCL,28,6,10,,
RIDI,32,58,20,,
PRVU,3,45,73,,
PRVU,57,45,250,,
NICA,47,29,18,,
NICA,57,29,20,,
NICA,45,29,62,,
USHEC,47,28,30,,
SPC,49,6,20,,
SPC,49,17,20,,
JALPA,51,45,10,,
USHEC,47,47,10,,
RHGCL,43,58,10,,
GBBL,42,6,142,,
GBBL,4,6,170,,
JBLB,58,4,7,,
UHEWA,45,58,10,,
RHGCL,57,58,10,,
RHPL,48,35,20,,
USHEC,47,47,10,,
RHPL,48,35,80,,
RHPL,26,35,50,,
MKJC,7,49,180,,
SAHAS,42,3,10,,
RHGCL,57,21,10,,
RHGCL,57,25,10,,
RHGCL,57,39,10,,
SGHC,48,28,10,,
RHGCL,57,38,10,,
RHGCL,57,28,10,,
PMHPL,54,45,10,,
RHGCL,57,35,10,,
JFL,41,17,100,,
JFL,49,17,10,,
JFL,52,17,30,,
JFL,45,17,10,,
JFL,55,17,25,,
JFL,55,17,15,,
LBBL,8,33,13,,
HDL,1,45,13,,
HDL,38,45,15,,
HDL,58,45,20,,
HDL,36,45,20,,
HDL,57,45,18,,
NIFRA,1,3,10,,
NHPC,58,48,50,,
NHPC,42,48,225,,
NABIL,58,25,30,,
USHEC,47,47,10,,
RHGCL,57,38,10,,
SGHC,48,7,10,,
USHEC,47,58,10,,
RHGCL,57,39,10,,
RHGCL,45,38,10,,
NCCB,58,44,220,,
NCCB,42,44,120,,
NCCB,26,44,460,,
GFCL,3,47,200,,
MBJC,19,45,10,,
UHEWA,45,32,10,,
HDL,7,35,40,,
NIFRA,1,4,116,,
NTC,44,58,302,,
NTC,45,58,188,,
NTC,26,58,10,,
CZBIL,3,44,10,,
USHEC,47,47,10,,
KSBBL,28,17,58,,
KSBBL,52,17,190,,
KSBBL,40,17,15,,
MHL,7,38,10,,
BNHC,29,29,20,,
BNHC,29,48,10,,
BNHC,29,58,10,,
BNHC,29,22,10,,
BNHC,29,39,218,,
BNHC,29,34,10,,
BNHC,29,58,60,,
BNHC,29,34,60,,
BNHC,29,21,10,,
NIFRA,1,3,54,,
RHGCL,34,58,10,,
GBBL,4,45,30,,
GBBL,8,45,200,,
NICA,45,57,10,,
API,32,58,60,,
API,38,58,100,,
API,38,58,100,,
RHGCL,43,42,10,,
USHEC,47,26,10,,
RHGCL,34,45,10,,
GFCL,3,20,17,,
RHGCL,34,42,10,,
RHGCL,34,17,10,,
RHGCL,34,58,10,,
SGHC,25,32,10,,
HHL,45,45,10,,
RHGCL,34,58,10,,
NBL,58,8,74,,
MBJC,19,17,40,,
MBJC,57,17,60,,
HIDCL,17,3,96,,
HIDCL,53,3,250,,
RHGCL,34,59,10,,
MHL,7,47,10,,
RHGCL,45,38,10,,
UMHL,45,59,300,,
KBL,10,52,10,,
NTC,25,19,10,,
RHGCL,45,48,10,,
EBL,25,45,97,,
EBL,26,45,253,,
EBL,29,45,100,,
EBL,32,45,100,,
EBL,11,45,80,,
RHGCL,45,52,10,,
HIDCL,21,17,20,,
BHDC,34,56,10,,
RHGCL,45,17,10,,
HHL,45,3,10,,
HHL,45,3,10,,
IGI,38,17,4,,
MBJC,57,41,40,,
MBJC,46,41,70,,
RHGCL,45,38,10,,
NESDO,14,38,10,,
NFS,13,58,10,,
MHL,53,47,10,,
JBLB,21,56,10,,
MHL,53,34,10,,
SGHC,25,52,10,,
RHGCL,45,28,10,,
UPCL,55,58,149,,
NTC,56,28,10,,
RHGCL,45,38,10,,
RHGCL,45,52,10,,
PRVU,8,51,200,,
AKPL,49,19,10,,
SANIMA,6,38,11,,
NBL,58,8,10,,
BHDC,34,45,10,,
MNBBL,42,17,305,,
MNBBL,36,17,32,,
RHGCL,45,35,10,,
BHL,45,34,10,,
RHGCL,1,58,10,,
RHGCL,1,58,10,,
RHGCL,1,58,10,,
RHGCL,1,19,10,,
RHGCL,1,20,10,,
SGHC,25,58,10,,
UHEWA,45,4,10,,
NUBL,35,57,30,,
MLBL,58,20,25,,
NHPC,42,47,157,,
NHPC,38,53,39,,
NHPC,38,51,137,,
NHPC,38,53,74,,
ADBL,51,14,31,,
IGI,13,29,20,,
RHGCL,49,39,10,,
AKPL,20,34,90,,
RHGCL,49,4,10,,
AKPL,13,34,320,,
NICA,45,58,30,,
RHGCL,49,52,10,,
JBLB,25,14,15,,
JBBL,57,3,80,,
JBBL,57,3,20,,
DDBL,10,39,80,,
DDBL,35,39,20,,
PRVU,45,51,100,,
LBBL,8,53,97,,
RHGCL,49,6,10,,
RHGCL,57,45,10,,
RHGCL,57,58,10,,
USHEC,47,17,10,,
NTC,43,58,100,,
NTC,47,58,30,,
NTC,36,58,20,,
RHGCL,49,38,10,,
NTC,26,58,10,,
NTC,26,58,10,,
NTC,17,58,90,,
NTC,49,58,100,,
NTC,44,58,250,,
NTC,58,58,2280,,
NICA,47,29,22,,
NICA,26,29,50,,
NTC,58,28,20,,
NTC,58,28,55,,
NTC,57,28,20,,
NTC,41,28,10,,
NTC,45,28,20,,
NTC,53,28,25,,
NGPL,21,43,20,,
RHGCL,37,39,10,,
NTC,58,58,510,,
NTC,58,58,480,,
RHGCL,37,58,10,,
NTC,58,58,10,,
UHEWA,45,58,10,,
HIDCL,13,17,25,,
RHGCL,37,52,10,,
KKHC,45,36,90,,
KKHC,5,36,10,,
RHGCL,37,21,10,,
SGHC,25,49,10,,
GBBL,42,10,90,,
GBBL,42,13,10,,
RADHI,59,57,100,,
PCBL,19,45,40,,
RHGCL,37,21,10,,
SAHAS,42,45,10,,
NHPC,42,6,118,,
UHEWA,45,17,10,,
MHL,53,57,10,,
RHGCL,58,49,10,,
HIDCL,34,17,400,,
JBBL,57,4,44,,
PRVU,42,51,1000,,
RHGCL,45,56,10,,
RHGCL,45,7,10,,
UPPER,57,44,10,,
HPPL,46,3,10,,
HPPL,40,3,20,,
HPPL,47,3,100,,
SGHC,25,59,10,,
RHGCL,45,35,10,,
PCBL,42,45,34,,
PCBL,42,45,100,,
PCBL,34,45,12,,
PCBL,3,45,40,,
PCBL,51,45,61,,
PCBL,51,45,300,,
PCBL,32,45,200,,
PCBL,21,45,40,,
NTC,39,5,10,,
UMHL,32,58,45,,
NIFRA,1,17,10,,
RHGCL,45,58,10,,
CBBL,51,58,99,,
JBBL,26,4,100,,
MSLB,49,57,10,,
MFIL,36,49,90,,
MBL,43,22,70,,
MBL,34,22,54,,
SGHC,25,19,10,,
UHEWA,45,52,10,,
HIDCL,56,17,10,,
NABIL,38,25,10,,
RHGCL,45,25,10,,
JALPA,16,55,10,,
SANIMA,45,19,50,,
UHEWA,45,26,10,,
NRN,34,48,100,,
NRN,34,28,10,,
NRN,34,34,490,,
NRN,34,42,500,,
NRN,34,58,115,,
HHL,38,38,170,,
PRVU,38,51,50,,
PRVU,57,51,14,,
PRVU,22,51,70,,
PRVU,13,51,100,,
PRVU,1,51,30,,
PRVU,38,51,144,,
RHGCL,58,18,10,,
RHGCL,58,19,10,,
GVL,56,49,10,,
UHEWA,45,58,10,,
SFCL,36,11,19,,
HIDCL,11,17,64,,
RHGCL,34,57,10,,
NLIC,43,39,117,,
UHEWA,45,47,10,,
NIFRA,1,19,54,,
NABIL,57,38,19,,
HIDCL,45,17,16,,
API,50,50,100,,
HIDCL,33,17,63,,
API,14,50,200,,
API,38,50,100,,
API,35,50,100,,
RADHI,45,45,160,,
RADHI,45,41,40,,
RHGCL,34,58,10,,
RHGCL,34,18,10,,
NABIL,57,29,250,,
API,25,25,10,,
RHGCL,58,8,10,,
HIDCL,33,39,17,,
HIDCL,49,39,13,,
HIDCL,53,39,510,,
RHGCL,58,39,10,,
HIDCL,58,39,12,,
NCCB,34,33,119,,
ALICL,29,7,10,,
RHGCL,58,47,10,,
PRVU,21,45,20,,
PRVU,34,45,316,,
UHEWA,45,42,10,,
UHEWA,45,47,10,,
RHGCL,28,42,10,,
NABIL,57,58,250,,
NICA,32,29,17,,
RHGCL,28,52,10,,
SWBBL,22,49,15,,
RHGCL,28,8,10,,
NGPL,52,58,10,,
AKJCL,57,33,10,,
AHPC,50,58,20,,
RHGCL,28,8,10,,
NICA,48,29,11,,
NICA,48,41,20,,
RULB,59,6,10,,
HIDCL,58,8,39,,
HIDCL,32,8,100,,
HIDCL,42,8,45,,
UHEWA,45,58,10,,
RHGCL,49,8,10,,
RHGCL,49,29,10,,
NIFRA,11,8,10,,
RHGCL,28,8,10,,
UHEWA,45,47,10,,
RHGCL,57,48,10,,
RHGCL,40,45,10,,
LBBL,38,49,11,,
RHGCL,50,42,10,,
RHGCL,50,29,10,,
SGHC,25,19,10,,
RHGCL,35,6,10,,
NTC,58,58,20,,
RHGCL,35,8,10,,
RHGCL,1,58,10,,
RHGCL,1,8,10,,
MLBSL,3,32,10,,
UHEWA,1,26,10,,
SGHC,25,39,10,,
NIFRA,1,19,14,,
HHL,38,50,10,,
UHEWA,1,47,10,,
RHGCL,1,8,10,,
RHGCL,1,6,10,,
RULB,59,58,10,,
HIDCL,42,19,28,,
GFCL,22,53,25,,
UHEWA,1,26,10,,
RHGCL,19,29,10,,
MBL,1,52,100,,
MBL,28,52,50,,
RHGCL,19,35,10,,
RHGCL,19,47,10,,
HHL,38,58,10,,
RHGCL,19,8,10,,
HHL,38,19,10,,
UHEWA,1,26,10,,
RHGCL,19,13,10,,
RHGCL,1,29,10,,
RHGCL,28,8,10,,
NBL,41,8,500,,
RHGCL,28,29,10,,
SANIMA,58,19,50,,
MFIL,55,49,10,,
RHGCL,28,8,10,,
RIDI,8,19,25,,
GVL,56,29,10,,
AKJCL,52,58,40,,
RHGCL,28,55,10,,
MERO,43,26,10,,
RHGCL,28,29,10,,
RHGCL,51,8,10,,
NIFRA,1,19,14,,
GMFIL,36,21,40,,
GMFIL,36,38,300,,
FOWAD,34,42,13,,
RHGCL,51,4,10,,
MLBS,4,39,50,,
PRVU,34,22,12,,
UHEWA,1,57,10,,
RHGCL,51,29,10,,
CZBIL,3,28,40,,
RHGCL,51,45,10,,
BHL,45,47,50,,
SGHC,25,19,10,,
CHCL,41,10,50,,
CHCL,41,26,100,,
CHCL,41,48,72,,
RHGCL,51,21,10,,
RHGCL,51,8,10,,
RHGCL,51,42,10,,
KPCL,53,22,500,,
KPCL,53,45,500,,
KPCL,53,16,11,,
KPCL,53,45,500,,
RHGCL,1,6,10,,
BHL,56,47,140,,
RHGCL,1,58,10,,
RHGCL,58,41,10,,
BHL,56,51,10,,
RHGCL,1,29,10,,
RHGCL,1,19,10,,
RHGCL,35,45,10,,
RHGCL,35,55,10,,
RHGCL,1,22,10,,
RHGCL,1,8,10,,
RHGCL,1,58,10,,
RHGCL,1,58,10,,
DORDI,34,45,10,,
RHGCL,1,34,10,,
SCB,57,29,30,,
RFPL,49,19,10,,
SGHC,48,58,10,,
USHEC,4,58,10,,
SGHC,48,38,10,,
BHL,56,38,740,,
BHL,40,38,180,,
BHL,16,38,70,,
BHL,45,38,10,,
API,58,58,1,,
RHGCL,5,38,10,,
PRVU,26,22,90,,
RHGCL,38,38,10,,
HDHPC,48,44,50,,
PCBL,33,49,500,,
SHEL,22,38,10,,
GVL,49,26,990,,
RHGCL,5,8,10,,
SGHC,48,7,10,,
RFPL,49,38,10,,
NLICL,36,7,150,,
NLICL,11,7,100,,
NLICL,34,7,100,,
RHGCL,28,58,10,,
HDHPC,58,44,84,,
RHGCL,28,26,10,,
RHGCL,28,17,10,,
LEC,32,45,200,,
HDHPC,33,44,6883,,
HDHPC,58,44,400,,
HDHPC,45,44,2000,,
HDHPC,57,44,65,,
HDHPC,25,44,300,,
HDHPC,47,44,100,,
HDHPC,42,44,252,,
BHL,45,35,10,,
RHGCL,28,38,10,,
HIDCL,25,8,500,,
API,51,50,400,,
RHGCL,42,22,10,,
PRVU,26,45,10,,
NMB,58,4,100,,
RHGCL,28,7,10,,
PRVU,58,18,20,,
RFPL,45,49,10,,
NABIL,7,21,220,,
RHGCL,11,51,10,,
RHGCL,11,38,10,,
RHGCL,11,58,10,,
NIFRA,1,47,64,,
HDHPC,22,44,100,,
RHGCL,11,35,10,,
SFCL,52,6,10,,
NBL,29,8,50,,
RHGCL,11,51,10,,
USHEC,21,58,10,,
UHEWA,45,4,10,,
DORDI,34,42,10,,
RHGCL,1,17,10,,
NTC,46,58,10,,
HURJA,38,56,407,,
CZBIL,8,11,10,,
RHGCL,38,48,10,,
HIDCL,42,46,114,,
RHGCL,1,18,10,,
RHGCL,1,51,10,,
DORDI,34,49,10,,
RHGCL,1,38,10,,
RHGCL,1,32,10,,
HDHPC,46,44,1000,,
RHGCL,1,47,10,,
RURU,10,8,126,,
RURU,51,8,20,,
RURU,25,8,10,,
RURU,38,8,20,,
RURU,28,8,20,,
RURU,14,8,25,,
RURU,8,8,100,,
RURU,56,8,100,,
RURU,45,8,50,,
CBBL,49,57,10,,
CBBL,49,6,10,,
JBBL,42,46,50,,
DORDI,57,55,10,,
RHGCL,17,38,10,,
RHGCL,28,5,10,,
USHEC,21,36,10,,
RHGCL,28,6,10,,
RHGCL,28,32,10,,
USHEC,21,45,10,,
UHEWA,45,8,10,,
RHGCL,40,38,10,,
RHGCL,40,32,10,,
RHGCL,28,38,10,,
HHL,45,45,10,,
RIDI,46,34,50,,
RIDI,17,44,12,,
AKPL,29,19,30,,
RHGCL,28,42,10,,
USHEC,21,58,10,,
NLIC,43,4,50,,
SGHC,48,7,10,,
RHGCL,38,42,10,,
RFPL,45,49,10,,
NHPC,58,58,49,,
UHEWA,45,29,10,,
RIDI,34,34,50,,
NTC,37,58,50,,
HDHPC,36,44,550,,
UMRH,13,38,50,,
LBL,58,47,10,,
NLIC,36,39,287,,
RHGCL,28,29,10,,
RULB,59,1,10,,
RHGCL,28,29,10,,
DORDI,20,38,50,,
DORDI,16,38,100,,
DORDI,13,38,50,,
NTC,42,58,440,,
LEC,46,45,10,,
UHEWA,45,29,10,,
MKLB,53,26,10,,
MKLB,53,33,50,,
MKLB,53,58,10,,
MKLB,53,34,387,,
MKLB,53,34,787,,
RULB,59,16,10,,
RULB,59,58,10,,
RHGCL,1,29,10,,
JBLB,58,58,10,,
RHGCL,1,25,10,,
NTC,42,45,10,,
ACLBSL,43,40,13,,
GVL,49,56,10,,
CHDC,57,42,10,,
CHDC,33,42,100,,
CHDC,41,42,10,,
UHEWA,45,45,10,,
RHGCL,1,51,10,,
PCBL,58,34,20,,
ICFC,50,51,58,,
ICFC,50,34,100,,
MHL,45,56,50,,
MHL,45,34,10,,
MHL,45,4,10,,
MHL,45,46,10,,
MHL,45,38,10,,
MHL,45,49,10,,
PCBL,4,34,50,,
SHIVM,11,52,10,,
RIDI,8,44,200,,
RHGCL,1,29,10,,
MHL,45,49,110,,
MHL,45,7,10,,
MHL,45,43,10,,
MHL,45,58,10,,
MHL,45,8,10,,
RHGCL,1,7,10,,
RHGCL,1,41,10,,
SGHC,49,33,10,,
RHGCL,17,51,10,,
RHGCL,1,16,10,,
NIFRA,58,45,10,,
RHGCL,1,56,10,,
GLH,3,21,10,,
RHGCL,49,34,195,,
RHGCL,49,45,10,,
RHGCL,49,21,10,,
RHGCL,49,34,10,,
RHGCL,49,42,10,,
RHGCL,49,18,10,,
RHGCL,49,57,10,,
RHGCL,49,58,10,,
RHGCL,49,58,10,,
RHGCL,49,58,10,,
RHGCL,49,35,10,,
HDHPC,49,44,300,,
NABIL,22,25,30,,
NABIL,22,5,50,,
NABIL,22,59,20,,
EBL,58,11,10,,
ADBL,46,4,10,,
ADBL,22,4,20,,
ADBL,28,4,40,,
ADBL,48,4,26,,
UHEWA,45,29,10,,
RHGCL,1,58,10,,
AKJCL,57,33,10,,
RHGCL,1,22,10,,
RHGCL,49,29,10,,
LEC,47,59,380,,
LEC,34,59,100,,
LEC,5,59,20,,
RHGCL,17,57,10,,
RHGCL,49,58,10,,
RHGCL,49,41,10,,
RHGCL,49,43,10,,
NTC,26,28,30,,
RHGCL,49,49,10,,
AKPL,45,19,10,,
RHGCL,57,35,10,,
RHGCL,49,57,10,,
RHGCL,49,42,10,,
RHGCL,49,58,10,,
RHGCL,49,29,10,,
SINDU,46,21,100,,
ACLBSL,28,40,10,,
MHL,45,8,10,,
MHL,45,49,10,,
MHL,45,58,10,,
MHL,45,32,10,,
MHL,45,32,10,,
MHL,45,58,10,,
MHL,45,35,10,,
MHL,45,22,10,,
MHL,45,22,10,,
MHL,45,40,10,,
NESDO,28,8,10,,
MBJC,46,6,10,,
RHGCL,49,17,10,,
RHGCL,49,35,10,,
RHGCL,28,42,10,,
RHGCL,28,35,10,,
RHGCL,28,8,10,,
RHGCL,49,56,10,,
BARUN,57,47,10,,
BARUN,43,47,50,,
RFPL,45,43,10,,
RHGCL,49,29,10,,
RHGCL,49,35,10,,
RHGCL,49,6,10,,
HHL,45,6,10,,
EBL,11,4,20,,
RHGCL,49,45,10,,
RHGCL,49,29,10,,
RHGCL,49,57,10,,
RHGCL,49,29,10,,
NHPC,49,58,351,,
NHPC,49,58,60,,
NHPC,49,8,689,,
RHGCL,49,37,10,,
RHGCL,49,58,10,,
GVL,7,5,10,,
MBJC,34,34,10,,
SHINE,56,34,10,,
RHGCL,49,28,10,,
RHGCL,49,34,10,,
HIDCL,42,58,20,,
HIDCL,57,58,20,,
HIDCL,11,58,30,,
HIDCL,58,58,10,,
HIDCL,38,58,20,,
UHEWA,54,16,10,,
MHL,45,45,10,,
MHL,45,45,10,,
MHL,45,51,10,,
MHL,45,13,10,,
MHL,45,17,10,,
MHL,45,56,10,,
MHL,45,58,10,,
MHL,45,34,10,,
MHL,45,52,10,,
MHL,45,41,10,,
HIDCL,43,8,20,,
RHGCL,49,45,10,,
HIDCL,6,8,150,,
SADBL,53,56,100,,
RHGCL,49,35,10,,
BARUN,34,47,20,,
KMCDB,45,45,50,,
MBJC,34,43,10,,
AKPL,34,19,10,,
NHPC,8,8,200,,
NHPC,32,8,28,,
RHGCL,49,52,10,,
RHGCL,49,40,10,,
RHGCL,49,16,10,,
NABIL,8,8,105,,
RHGCL,49,45,10,,
RHGCL,38,51,10,,
RHGCL,49,4,10,,
RHGCL,49,58,10,,
RHGCL,40,32,10,,
NTC,21,28,20,,
NABIL,25,5,10,,
RHGCL,40,6,10,,
BARUN,45,47,10,,
GVL,7,6,10,,
NESDO,45,55,10,,
NTC,42,58,500,,
LICN,28,43,10,,
NYADI,29,13,10,,
HBL,7,45,61,,
RHGCL,40,21,10,,
RHGCL,40,58,10,,
UHEWA,38,58,10,,
NTC,42,38,40,,
NTC,58,38,60,,
RHGCL,1,55,10,,
RHGCL,1,16,10,,
RHGCL,1,34,166,,
RHGCL,1,7,10,,
MLBL,34,8,57,,
MLBL,34,33,88,,
API,48,6,54,,
API,48,6,26,,
RHGCL,40,44,10,,
RHGCL,40,54,10,,
RHGCL,40,4,10,,
GLH,8,6,10,,
RHGCL,40,21,10,,
RMDC,11,14,90,,
RMDC,11,40,20,,
RMDC,11,10,90,,
ICFC,25,51,50,,
RHGCL,40,38,10,,
RHGCL,40,34,10,,
UPCL,50,26,50,,
CZBIL,41,14,30,,
CZBIL,3,14,50,,
CZBIL,4,14,20,,
UNHPL,32,38,100,,
RHGCL,6,34,10,,
RHGCL,45,17,10,,
NBL,49,8,10,,
KBL,10,49,10,,
RHGCL,26,34,90,,
HDHPC,58,44,100,,
RHGCL,38,34,10,,
RADHI,8,58,210,,
RADHI,4,58,40,,
RADHI,41,58,50,,
RHGCL,45,32,10,,
NTC,38,28,30,,
NTC,49,28,200,,
HHL,35,57,10,,
UPCL,57,8,20,,
EBL,58,11,30,,
EBL,4,11,500,,
EBL,19,11,100,,
EBL,45,11,50,,
CIT,11,58,20,,
RHGCL,40,34,10,,
RHGCL,38,34,200,,
RHGCL,35,34,100,,
RHGCL,38,34,10,,
RHGCL,58,34,10,,
RHGCL,35,34,20,,
RHGCL,58,34,500,,
RHGCL,48,34,20,,
RHGCL,45,34,100,,
RHGCL,38,34,10,,
RHGCL,49,34,95,,
RHGCL,58,34,10,,
RHGCL,57,34,10,,
RHGCL,35,34,10,,
RHGCL,34,34,200,,
RHGCL,35,34,20,,
RHGCL,57,34,20,,
RHGCL,19,34,10,,
RHGCL,54,34,30,,
RHGCL,29,34,870,,
RHGCL,41,34,10,,
RHGCL,33,34,110,,
KEF,58,39,100,,
RHGCL,33,58,10,,
RHGCL,33,16,10,,
CZBIL,40,17,10,,
HIDCL,49,8,16,,
SBL,22,14,100,,
RHGCL,33,35,10,,
RHGCL,33,58,10,,
NABIL,25,58,500,,
GLH,8,38,10,,
AKJCL,42,33,200,,
SKBBL,55,45,70,,
MKJC,50,13,10,,
NTC,19,34,14,,
NTC,19,28,10,,
NTC,19,28,10,,
NTC,19,28,10,,
NTC,19,28,15,,
NTC,19,28,11,,
SHIVM,35,26,50,,
NESDO,33,42,15,,
NABIL,50,21,36,,
RHGCL,33,42,10,,
RHGCL,57,38,10,,
RHGCL,57,45,10,,
RHGCL,57,43,10,,
RHGCL,57,49,10,,
NICA,22,14,20,,
NICA,40,14,80,,
RHGCL,33,34,10,,
CHDC,17,58,80,,
CHDC,17,45,120,,
RHGCL,33,39,10,,
RHGCL,33,51,10,,
RHGCL,33,32,10,,
RHGCL,42,22,10,,
RHGCL,42,58,10,,
RHGCL,42,49,10,,
RHGCL,17,8,10,,
NCCB,49,13,10,,
UNHPL,13,55,300,,
RHGCL,42,32,10,,
SAHAS,32,38,10,,
NIFRA,1,38,54,,
NTC,42,28,10,,
RHGCL,42,52,10,,
RHGCL,49,38,10,,
ICFC,42,11,50,,
HDHPC,42,44,1020,,
HDHPC,53,44,100,,
HDHPC,57,44,150,,
NICLBSL,21,22,95,,
NICLBSL,55,22,40,,
SHL,16,13,100,,
SHL,16,13,100,,
RHGCL,4,51,10,,
RFPL,34,58,10,,
RFPL,34,35,10,,
RFPL,34,39,10,,
RFPL,34,39,10,,
RFPL,34,17,10,,
RFPL,34,16,10,,
RFPL,34,39,10,,
RFPL,34,32,10,,
RFPL,34,39,10,,
RFPL,34,39,10,,
RHGCL,4,32,10,,
SGHC,46,49,10,,
MBJC,21,19,10,,
MBJC,21,7,10,,
NMB50,10,4,3392,,
RHGCL,4,52,10,,
NESDO,43,42,10,,
MPFL,57,51,50,,
NMB,39,48,12,,
NMB,39,53,43,,
WNLB,34,34,10,,
NHPC,32,1,100,,
RHGCL,58,34,57,,
UHEWA,38,57,10,,
NTC,19,28,10,,
AKPL,13,19,180,,
AKPL,18,19,20,,
UHEWA,38,17,10,,
NIL,13,4,10,,
RHGCL,32,34,60,,
RHGCL,19,34,20,,
RHGCL,42,34,300,,
RHGCL,42,34,40,,
HHL,35,35,10,,
GVL,7,32,10,,
HIDCL,58,8,20,,
UHEWA,55,58,10,,
RHGCL,46,55,10,,
RHGCL,42,8,10,,
UHEWA,55,58,10,,
UPPER,38,56,50,,
MBJC,34,38,10,,
USHEC,4,34,10,,
RHGCL,13,58,10,,
RHGCL,13,52,10,,
MBJC,34,41,10,,
RHGCL,32,57,10,,
API,58,11,1,,
RHGCL,32,38,10,,
NESDO,32,43,10,,
NESDO,32,46,10,,
NESDO,32,21,10,,
NESDO,32,41,10,,
NESDO,32,42,50,,
NESDO,32,38,70,,
NESDO,32,48,13,,
BFC,35,38,50,,
RHGCL,32,58,10,,
NTC,53,28,30,,
SIGS2,10,10,2000,,
SIGS2,8,10,100,,
JBLB,21,44,10,,
RHGCL,32,38,10,,
HDHPC,25,22,500,,
NABIL,49,8,10,,
RHGCL,32,40,10,,
RHGCL,32,35,10,,
RHGCL,32,52,10,,
HIDCL,32,8,100,,
HIDCL,44,8,10,,
NABBC,34,49,49,,
ENL,25,34,10,,
RHGCL,32,34,10,,
GMFBS,57,19,10,,
JALPA,51,44,90,,
NTC,29,49,14,,
NTC,29,58,10,,
RHGCL,32,32,10,,
RHGCL,52,21,10,,
MHL,53,39,10,,
MHL,53,38,10,,
ACLBSL,17,17,1,,
RHGCL,32,38,10,,
SAHAS,50,59,1000,,
SAHAS,49,59,90,,
SAHAS,50,59,800,,
SAHAS,39,59,100,,
NHDL,22,45,200,,
NHDL,57,45,35,,
NHDL,58,45,68,,
NHDL,29,45,100,,
RHGCL,4,40,10,,
RHGCL,4,58,10,,
RHGCL,11,11,10,,
NUBL,25,59,10,,
RHGCL,11,34,10,,
SHPC,6,10,50,,
NABIL,37,20,10,,
MERO,35,39,20,,
NTC,53,58,140,,
NFS,34,29,10,,
BHDC,28,58,10,,
BHDC,28,29,10,,
BHDC,28,17,10,,
BHDC,28,49,10,,
FMDBL,42,37,10,,
RHGCL,11,39,10,,
BHL,45,51,10,,
MBJC,34,55,10,,
RHGCL,19,29,10,,
UNHPL,53,58,10,,
UNHPL,53,57,2651,,
NIFRA,1,45,40,,
RHGCL,19,34,10,,
RHGCL,19,26,10,,
BNHC,17,38,10,,
USHEC,36,6,10,,
RHGCL,19,39,10,,
BHDC,34,46,10,,
SAHAS,55,59,1000,,
SAHAS,32,59,100,,
SAHAS,4,59,1000,,
SAHAS,32,59,100,,
SAHAS,4,59,1000,,
SAHAS,32,59,10,,
CHL,45,57,43,,
SKBBL,53,58,20,,
RFPL,45,55,10,,
SGHC,46,17,10,,
RHGCL,19,49,10,,
RHGCL,19,45,10,,
RHGCL,19,7,10,,
RHGCL,19,49,10,,
RHGCL,11,42,10,,
RHGCL,11,39,10,,
UHEWA,54,41,10,,
RHGCL,11,21,10,,
SHIVM,17,41,175,,
SHIVM,17,42,25,,
SHIVM,17,58,50,,
RHGCL,11,49,10,,
UPPER,49,56,10,,
RHGCL,11,39,10,,
RHGCL,37,52,10,,
RHGCL,37,49,10,,
NIFRA,1,36,475,,
NIFRA,20,36,25,,
RHGCL,11,35,10,,
UHEWA,54,4,10,,
RHGCL,11,52,10,,
RHGCL,6,56,10,,
NTC,17,58,200,,
RHGCL,58,58,10,,
RHGCL,58,34,10,,
RHGCL,58,38,10,,
RHGCL,58,55,10,,
RHGCL,58,39,10,,
RHGCL,58,34,10,,
RHGCL,58,34,10,,
HHL,35,10,10,,
RHGCL,54,7,10,,
RHGCL,54,19,10,,
RHGCL,54,45,10,,
RHGCL,54,6,10,,
NIFRA,41,58,20,,
RHGCL,58,49,10,,
RHGCL,58,39,10,,
SGHC,46,56,10,,
RHGCL,49,52,10,,
API,25,6,80,,
API,7,6,10,,
API,19,6,49,,
API,19,6,10,,
API,40,6,25,,
RHGCL,58,39,10,,
UHEWA,38,58,10,,
RHGCL,40,49,10,,
UHEWA,38,17,10,,
RHGCL,13,34,10,,
MLBL,17,33,24,,
KEF,58,16,100,,
PSF,56,56,600,,
PSF,58,56,300,,
RHGCL,13,49,10,,
IGI,8,35,2,,
SAEF,10,4,1725,,
RHGCL,42,39,10,,
RHGCL,57,49,10,,
RHGCL,57,56,10,,
RHGCL,57,42,10,,
RHGCL,57,42,10,,
UHEWA,38,17,10,,
NTC,32,58,40,,
SGHC,22,26,10,,
RHGCL,57,32,10,,
RULB,17,39,10,,
RHGCL,32,39,10,,
BHL,45,17,10,,
UMHL,32,45,30,,
RHGCL,58,34,10,,
NIFRA,41,42,20,,
USHEC,43,39,10,,
FOWAD,43,44,12,,
FOWAD,7,44,100,,
FOWAD,58,44,10,,
SPC,39,50,10,,
RHGCL,49,34,73,,
UPCL,50,16,250,,
UHEWA,38,58,10,,
RHGCL,3,34,300,,
RHGCL,58,34,115,,
RHGCL,17,34,10,,
RHGCL,22,34,20,,
RHGCL,55,34,75,,
RHGCL,50,34,1000,,
NABIL,25,25,2000,,
RHGCL,26,34,10,,
RHGCL,28,34,30,,
RHGCL,28,34,20,,
RHGCL,45,34,1000,,
RHGCL,56,34,115,,
RHGCL,42,34,10,,
RHGCL,37,34,30,,
RHGCL,54,34,40,,
RHGCL,47,34,50,,
RHGCL,58,34,50,,
RHGCL,1,34,470,,
RHGCL,1,40,10,,
RHGCL,1,39,10,,
USHEC,44,39,10,,
SHPC,35,10,50,,
RHGCL,1,53,10,,
RHGCL,1,57,10,,
UHEWA,38,17,10,,
RHGCL,1,39,10,,
KBL,57,34,200,,
KBL,51,34,47,,
HDL,57,44,12,,
HDL,45,44,10,,
HDL,42,44,10,,
HDL,41,44,10,,
SAEF,10,4,2000,,
RHGCL,1,58,10,,
RHGCL,1,49,10,,
RHGCL,1,49,10,,
NBL,38,58,10,,
AKPL,44,19,70,,
NYADI,29,39,10,,
USHEC,44,26,10,,
RHGCL,1,35,10,,
RHGCL,1,39,10,,
RHGCL,1,54,10,,
HIDCL,21,43,98,,
NRIC,50,13,46,,
ALICL,11,56,50,,
RHGCL,1,49,10,,
SGHC,22,17,10,,
RHGCL,1,29,10,,
SAHAS,32,58,10,,
RHGCL,1,16,10,,
UHEWA,38,4,10,,
RHGCL,1,39,10,,
RHGCL,1,32,10,,
RHGCL,1,40,10,,
UHEWA,38,17,10,,
RHGCL,1,58,10,,
API,35,58,50,,
RHGCL,1,45,10,,
RHGCL,1,58,10,,
RHGCL,1,49,10,,
RHGCL,1,56,10,,
RHGCL,1,29,10,,
RHGCL,1,42,10,,
RHGCL,58,34,10,,
RHGCL,1,42,10,,
RHGCL,1,39,10,,
MHL,7,49,10,,
HDHPC,49,44,200,,
RHGCL,1,21,10,,
RHGCL,1,53,10,,
RADHI,45,59,15,,
PCBL,28,34,400,,
MHL,7,38,10,,
RHGCL,1,40,10,,
UHEWA,38,17,10,,
NLIC,43,38,33,,
GLH,8,51,10,,
RHGCL,1,7,10,,
RHGCL,1,34,10,,
RHGCL,1,49,10,,
RHGCL,1,39,10,,
NYADI,29,39,10,,
NYADI,29,58,10,,
HDHPC,57,44,240,,
SKBBL,39,58,30,,
RHGCL,1,16,10,,
NHDL,58,45,882,,
NHDL,42,45,100,,
RHGCL,29,34,42,,
RHGCL,29,49,10,,
RHGCL,1,49,10,,
UHEWA,38,17,10,,
HHL,35,42,10,,
AKPL,18,40,145,,
RHGCL,1,40,10,,
NIFRA,41,34,54,,
PRVU,32,18,15,,
RFPL,45,51,10,,
RHGCL,1,39,10,,
KBL,51,39,200,,
CIT,6,21,35,,
DORDI,57,6,10,,
RHGCL,1,32,10,,
MBJC,58,58,10,,
MBJC,58,22,10,,
MBJC,58,58,10,,
SPC,39,50,10,,
NLG,35,17,50,,
HHL,35,17,10,,
ACLBSL,47,51,13,,
RHGCL,13,39,10,,
RHGCL,13,49,10,,
UPPER,52,56,100,,
KPCL,34,22,100,,
UHEWA,38,17,10,,
DORDI,5,38,50,,
RHGCL,38,40,10,,
RHGCL,38,39,10,,
MHNL,21,43,40,,
SHL,16,25,100,,
USHEC,44,21,10,,
HDHPC,57,44,100,,
HDHPC,34,44,280,,
HDHPC,57,44,35,,
HDHPC,34,44,11,,
JBBL,28,49,500,,
RHGCL,38,39,10,,
NICA,22,13,50,,
NICA,19,13,50,,
NICA,16,13,30,,
NICA,20,13,20,,
NICA,36,13,100,,
NICA,56,13,100,,
NICA,42,13,10,,
NICA,52,13,30,,
NICA,35,13,10,,
RHGCL,42,34,10,,
RHGCL,58,34,10,,
RHGCL,5,34,10,,
UHEWA,38,17,10,,
RHGCL,58,34,10,,
RHGCL,48,34,50,,
RHGCL,32,34,10,,
RHGCL,42,34,100,,
RHGCL,42,32,10,,
RHGCL,42,40,10,,
RSDC,29,49,50,,
RSDC,29,35,10,,
RSDC,29,36,68,,
NHPC,32,56,29,,
RHGCL,42,57,10,,
MBL,49,44,30,,
UHEWA,38,21,10,,
RHGCL,42,39,10,,
RHGCL,42,45,10,,
RHGCL,42,42,10,,
HHL,35,17,10,,
NABIL,35,8,50,,
SRBL,58,34,10,,
HIDCL,42,43,15,,
DORDI,41,45,100,,
DORDI,59,45,200,,
DORDI,16,45,70,,
RHGCL,42,39,10,,
RHGCL,42,32,10,,
RHPL,26,37,10,,
RHPL,1,37,70,,
RHGCL,42,40,10,,
UHEWA,38,17,10,,
RHGCL,42,38,10,,
MHL,7,32,10,,
GVL,7,50,10,,
SGHC,49,7,10,,
RFPL,14,6,10,,
RHPL,20,52,70,,
SPC,39,54,10,,
RHGCL,42,21,10,,
RHGCL,42,39,10,,
RHGCL,42,53,10,,
RHGCL,42,32,10,,
NTC,19,58,20,,
RHGCL,42,44,10,,
UHEWA,54,22,10,,
UHEWA,54,48,10,,
NICA,35,41,50,,
RHGCL,42,39,10,,
RFPL,14,50,10,,
RHGCL,42,11,10,,
UHEWA,38,21,10,,
PRVU,57,18,14,,
PRVU,49,18,19,,
SPC,39,58,10,,
BHL,16,17,10,,
SAHAS,32,58,10,,
MERO,49,39,11,,
NIFRA,17,17,4,,
PCBL,28,44,40,,
RHGCL,42,22,10,,
RHGCL,42,7,10,,
RHGCL,42,16,10,,
NABBC,34,58,21,,
NABBC,17,58,10,,
RHGCL,42,39,10,,
PCBL,56,44,14,,
UHEWA,38,53,10,,
NTC,32,58,100,,
LICN,57,43,50,,
NBL,49,58,10,,
GVL,7,58,10,,
AKPL,18,58,155,,
MNBBL,35,44,50,,
RHGCL,42,39,10,,
RHGCL,42,58,10,,
HDHPC,34,44,38,,
RHGCL,42,58,10,,
RHGCL,42,28,10,,
RULB,34,55,10,,
RHGCL,42,38,10,,
SIFC,43,8,38,,
UHEWA,38,21,10,,
RFPL,14,50,10,,
NABBC,28,58,19,,
NABBC,45,58,10,,
NABBC,45,58,20,,
NCCB,34,39,81,,
NCCB,4,39,100,,
GVL,7,32,10,,
UPPER,42,13,350,,
UPPER,49,13,100,,
UPPER,57,13,50,,
RHGCL,42,32,10,,
RHGCL,42,39,10,,
UHEWA,38,49,10,,
HIDCL,40,1,1,,
RHGCL,42,49,10,,
HHL,43,21,10,,
LICN,57,43,40,,
RHGCL,42,16,10,,
RHGCL,58,28,10,,
RHGCL,43,39,10,,
RHGCL,43,42,10,,
SHPC,48,43,190,,
UMHL,32,48,125,,
RHGCL,43,36,10,,
RHGCL,42,49,10,,
CFCL,16,17,50,,
CFCL,57,17,15,,
RHGCL,42,39,10,,
RHGCL,42,42,10,,
NBL,19,58,14,,
RHGCL,42,7,10,,
SHPC,34,10,100,,
RHGCL,44,17,10,,
RHGCL,42,58,10,,
RFPL,57,32,10,,
UHEWA,38,17,10,,
RHGCL,42,28,10,,
NESDO,28,21,10,,
RHGCL,42,17,10,,
NABIL,50,45,64,,
NABIL,48,45,25,,
NABIL,58,45,11,,
RHGCL,42,39,10,,
RHGCL,42,52,10,,
RFPL,57,32,10,,
RHGCL,42,57,10,,
SAHAS,32,58,10,,
NESDO,45,49,10,,
MLBL,55,33,150,,
MLBL,35,33,38,,
RHGCL,42,39,10,,
RHGCL,42,28,10,,
NYADI,21,32,10,,
MLBL,35,41,12,,
UHEWA,38,57,10,,
JALPA,16,59,10,,
UHEWA,38,17,10,,
RHGCL,42,17,10,,
NLIC,49,39,30,,
RHGCL,42,28,10,,
BHL,16,16,10,,
HIDCL,40,59,38,,
CIT,43,57,14,,
PCBL,1,44,211,,
RHGCL,34,16,10,,
RFPL,57,17,10,,
GVL,25,49,10,,
RHGCL,34,28,10,,
NTC,10,28,100,,
HIDCL,40,44,12,,
MBJC,46,38,10,,
RHGCL,34,56,10,,
UHEWA,38,21,10,,
MFIL,55,6,10,,
RHGCL,34,14,10,,
RHGCL,34,52,10,,
NTC,49,28,1000,,
NIFRA,49,57,10,,
RHGCL,42,28,10,,
HHL,43,17,10,,
CHCL,36,58,10,,
CHCL,7,58,100,,
SKBBL,41,58,50,,
RHGCL,42,58,10,,
MBL,28,44,10,,
UHEWA,38,58,10,,
RHGCL,58,38,10,,
RHGCL,42,32,10,,
AKPL,18,33,100,,
RHGCL,58,56,10,,
NTC,58,28,50,,
SHPC,22,43,500,,
RHGCL,58,38,10,,
MLBL,59,38,62,,
NESDO,28,58,50,,
MHL,7,42,10,,
HHL,43,16,60,,
NTC,42,28,160,,
RHGCL,58,16,10,,
UHEWA,38,4,10,,
ULBSL,36,59,10,,
JALPA,16,49,10,,
RHGCL,58,58,10,,
API,58,42,1,,
RHGCL,58,50,10,,
NICSF,14,48,150,,
RHGCL,49,29,10,,
NESDO,28,21,10,,
NESDO,28,17,10,,
SGHC,46,17,10,,
UHEWA,38,29,10,,
RHGCL,49,47,10,,
UPCL,50,7,1000,,
UPCL,50,58,200,,
UPCL,50,41,298,,
RHGCL,49,58,10,,
JSLBB,49,58,10,,
CBBL,51,4,26,,
SHPC,14,43,300,,
HDHPC,25,44,300,,
HHL,35,17,10,,
AKPL,18,7,580,,
AKPL,52,7,20,,
MBJC,46,55,10,,
AKJCL,57,19,10,,
BHL,16,56,10,,
UMRH,6,22,30,,
RHGCL,58,42,10,,
RHGCL,58,58,10,,
UHEWA,38,47,10,,
GRDBL,35,58,10,,
RHGCL,58,32,10,,
KKHC,29,25,50,,
MHL,7,41,10,,
RHGCL,58,28,10,,
NTC,57,28,100,,
UHEWA,38,58,10,,
RHGCL,58,17,10,,
PROFL,57,28,10,,
RHGCL,58,58,10,,
NTC,35,28,1000,,
MBJC,46,58,10,,
EDBL,51,58,10,,
HHL,35,14,10,,
JBLB,33,38,17,,
USHEC,36,17,10,,
UHEWA,38,34,10,,
HHL,35,33,10,,
RHGCL,58,44,10,,
RHGCL,58,57,10,,
USHEC,36,57,10,,
RHGCL,58,32,10,,
RHGCL,52,8,10,,
RHGCL,52,35,10,,
RHGCL,52,21,10,,
RHGCL,58,42,10,,
RHGCL,58,28,10,,
SWBBL,41,1,45,,
SWBBL,26,1,100,,
SWBBL,17,1,10,,
SWBBL,25,1,30,,
RHGCL,58,29,10,,
RHGCL,58,58,10,,
NESDO,36,58,50,,
NESDO,28,58,25,,
NESDO,49,58,20,,
RHGCL,58,7,10,,
UHEWA,38,58,10,,
CFCL,57,58,30,,
SJCL,32,18,310,,
RHGCL,42,28,10,,
LEC,6,47,180,,
LEC,36,47,10,,
LEC,38,47,200,,
LEC,47,47,100,,
LEC,26,47,10,,
SHIVM,57,44,40,,
NTC,42,28,540,,
NIFRA,38,57,4,,
NIFRA,38,28,34,,
SHPC,49,43,10,,
NHDL,50,45,750,,
NHDL,35,45,500,,
NHDL,50,45,500,,
NHDL,33,45,50,,
NHDL,42,45,200,,
RHGCL,42,29,10,,
HIDCL,8,43,10,,
RHGCL,42,58,10,,
RHGCL,42,41,10,,
RFPL,14,39,10,,
SWBBL,25,44,70,,
SWBBL,19,44,100,,
SWBBL,5,44,30,,
SWBBL,58,44,50,,
SWBBL,35,44,50,,
SAHAS,26,42,70,,
RHGCL,42,28,10,,
KBL,51,28,53,,
CBBL,51,22,50,,
RHGCL,42,14,10,,
SGHC,21,17,10,,
AKPL,57,50,50,,
UHEWA,38,47,10,,
RHGCL,42,32,10,,
AKJCL,38,34,100,,
JOSHI,25,58,10,,
RHGCL,42,38,10,,
RHGCL,42,29,10,,
RHGCL,42,32,10,,
USHEC,36,42,10,,
FMDBL,22,26,50,,
MHL,7,41,10,,
BHDC,34,48,10,,
RHGCL,42,58,10,,
NIFRA,1,58,64,,
LICN,28,43,10,,
RHGCL,43,35,40,,
RHGCL,42,28,10,,
RHGCL,42,6,10,,
ICFC,36,59,10,,
SJCL,38,18,21,,
FOWAD,28,54,10,,
GVL,25,50,10,,
HHL,52,17,10,,
SHIVM,57,36,100,,
NHDL,42,45,200,,
NHDL,20,45,250,,
NHDL,41,45,100,,
NHDL,43,45,200,,
NHDL,33,45,50,,
NHDL,43,45,100,,
NTC,28,28,50,,
RHGCL,42,17,10,,
RHGCL,42,58,10,,
BHDC,34,21,10,,
RHGCL,58,35,100,,
NIFRA,1,50,48,,
NIFRA,7,50,16,,
RHGCL,42,28,10,,
MBL,34,13,46,,
MBL,34,13,100,,
MBL,5,13,60,,
MBL,56,13,174,,
MBL,34,13,20,,
NHPC,58,56,50,,
SHIVM,19,42,100,,
UHEWA,38,36,10,,
NHDL,29,45,100,,
RHGCL,42,58,10,,
SGHC,21,45,10,,
HDHPC,34,44,220,,
HDHPC,58,44,600,,
HDHPC,1,44,150,,
HDHPC,57,44,100,,
HDHPC,58,44,38,,
HDHPC,45,44,1000,,
HDHPC,35,44,500,,
HDHPC,41,44,400,,
HDHPC,41,44,630,,
HDHPC,41,44,25,,
HDHPC,10,44,500,,
HDHPC,26,44,510,,
HDHPC,8,44,300,,
HDHPC,11,44,27,,
NTC,58,13,410,,
NTC,51,13,20,,
NTC,58,13,30,,
NTC,58,13,40,,
RHGCL,42,32,10,,
RHGCL,42,58,10,,
RHGCL,58,35,10,,
SANIMA,58,58,50,,
RHGCL,58,58,10,,
CIT,6,49,15,,
RHGCL,42,19,10,,
RHGCL,42,28,10,,
USHEC,47,17,10,,
RHGCL,42,42,10,,
RHGCL,42,58,10,,
RHGCL,42,1,10,,
CZBIL,40,29,11,,
RHGCL,42,35,10,,
RHGCL,42,44,10,,
DORDI,41,58,20,,
DORDI,41,49,10,,
DORDI,41,39,10,,
DORDI,41,39,10,,
DORDI,41,39,10,,
DORDI,41,39,10,,
RHGCL,42,28,10,,
RHGCL,42,17,10,,
RHGCL,42,28,10,,
MHL,7,58,10,,
NTC,10,28,400,,
RHGCL,42,36,10,,
SHIVM,57,52,20,,
SHIVM,57,58,10,,
SHIVM,57,25,20,,
SHIVM,57,58,85,,
SHIVM,57,45,18,,
UHEWA,38,59,10,,
CBBL,51,45,25,,
BFC,57,58,10,,
NIFRA,7,50,54,,
RHGCL,42,42,10,,
RHGCL,42,28,10,,
RHGCL,42,35,10,,
RHGCL,42,6,10,,
GVL,25,41,10,,
RHGCL,42,32,10,,
UHEWA,38,17,10,,
RHGCL,42,17,10,,
RHGCL,42,42,10,,
RHGCL,42,43,10,,
HHL,52,59,10,,
SIFC,38,8,50,,
SIFC,39,8,200,,
SIFC,58,8,12,,
SIFC,14,8,200,,
UHEWA,38,42,10,,
RHGCL,42,17,10,,
NIFRA,38,38,70,,
RHGCL,42,35,10,,
ALBSL,51,34,10,,
NABIL,49,58,10,,
RHGCL,49,58,10,,
AKPL,52,50,115,,
AKPL,52,28,40,,
SHINE,53,57,1000,,
MLBL,34,8,943,,
MLBL,34,37,200,,
MLBL,34,26,57,,
RHGCL,42,1,10,,
RHGCL,42,58,10,,
NLIC,26,13,20,,
RHGCL,42,47,10,,
NTC,33,28,85,,
UHEWA,38,17,10,,
DORDI,16,40,10,,
DORDI,16,58,10,,
MBL,34,39,80,,
RHGCL,58,32,10,,
USHEC,19,42,10,,
RHGCL,45,14,10,,
MNBBL,36,58,10,,
NFS,34,58,17,,
RADHI,45,58,35,,
NFS,43,58,183,,
HHL,35,59,10,,
SHEL,52,22,10,,
NESDO,14,49,10,,
RFPL,14,7,10,,
BNHC,17,57,10,,
GVL,25,17,10,,
UHEWA,38,55,10,,
UHEWA,38,50,10,,
RHGCL,45,35,10,,
RHGCL,45,32,10,,
LICN,28,6,17,,
RHGCL,49,47,10,,
SRBL,21,58,10,,
USHEC,19,42,10,,
UHEWA,38,58,10,,
MNBBL,36,21,58,,
RHGCL,45,55,10,,
SHEL,52,59,200,,
BHDC,50,6,10,,
RHGCL,45,47,10,,
NIFRA,1,35,64,,
RHGCL,45,10,10,,
UHEWA,38,59,10,,
RHGCL,45,34,10,,
USHEC,19,49,10,,
GBLBS,43,45,25,,
ALBSL,17,13,10,,
UHEWA,38,21,10,,
SAHAS,26,5,10,,
RHGCL,45,14,10,,
RHGCL,1,35,95,,
RHGCL,1,8,10,,
RHGCL,1,58,10,,
LBBL,35,39,30,,
KBL,51,39,894,,
CHL,45,57,10,,
RFPL,14,50,10,,
RHGCL,45,47,10,,
RHGCL,45,47,10,,
SWBBL,25,22,100,,
RHGCL,10,41,10,,
SDLBSL,8,58,1,,
HDHPC,59,59,200,,
RHGCL,5,49,10,,
RHGCL,5,29,10,,
RHGCL,5,46,10,,
RHGCL,5,28,10,,
RHGCL,5,55,10,,
RHGCL,5,4,10,,
RHGCL,10,47,10,,
RHGCL,10,38,10,,
MHL,7,58,10,,
RHGCL,10,7,10,,
RHGCL,10,29,10,,
RHGCL,10,32,10,,
USHEC,19,57,10,,
PSF,14,56,100,,
USHEC,19,55,10,,
UHEWA,38,55,10,,
NABIL,49,20,20,,
NABIL,14,20,77,,
RHGCL,58,26,10,,
UHEWA,38,17,10,,
RHGCL,10,47,10,,
RHGCL,10,14,10,,
NABIL,14,53,23,,
RHGCL,10,42,10,,
JBBL,45,38,70,,
BHL,45,42,10,,
RHGCL,10,18,10,,
UMRH,48,26,500,,
UHEWA,38,50,10,,
MBL,45,39,100,,
MBL,49,39,20,,
SGHC,46,17,10,,
SJCL,1,22,200,,
SMATA,45,10,10,,
RHGCL,10,48,10,,
HHL,38,57,10,,
NTC,28,28,200,,
SHPC,25,58,50,,
SHEL,22,36,10,,
RHGCL,10,47,10,,
RHGCL,10,14,10,,
GBBL,36,36,300,,
RHGCL,58,56,10,,
RHGCL,58,49,10,,
UHEWA,38,42,10,,
CZBIL,41,11,50,,
LICN,22,6,100,,
LICN,22,43,100,,
MBJC,46,58,10,,
USHEC,19,35,10,,
USHEC,19,58,10,,
USHEC,19,39,10,,
RHGCL,58,58,10,,
LBBL,35,38,200,,
RHGCL,58,47,10,,
RHGCL,58,49,10,,
KEF,58,16,100,,
ALICL,45,45,11,,
NTC,21,28,30,,
RHGCL,58,40,10,,
UHEWA,38,49,10,,
MHL,7,14,10,,
RHGCL,1,14,10,,
UHEWA,38,38,10,,
RHGCL,1,10,10,,
USHEC,45,17,10,,
NABIL,51,34,67,,
NABIL,51,59,100,,
NABIL,51,3,100,,
NABIL,51,34,233,,
USHEC,19,49,10,,
USHEC,19,49,10,,
RFPL,42,50,10,,
SBI,7,45,11,,
SGHC,46,38,10,,
HHL,52,17,10,,
RHGCL,1,47,10,,
TPC,56,45,20,,
TPC,19,45,180,,
TPC,3,45,100,,
TPC,32,45,200,,
SAHAS,26,34,10,,
NIFRA,1,21,108,,
UPPER,59,56,200,,
NABIL,57,58,10,,
NABIL,49,58,100,,
NABIL,13,58,20,,
NABIL,55,58,11,,
NABIL,46,58,57,,
SICL,26,59,32,,
RHGCL,34,6,10,,
USHEC,45,58,10,,
RHGCL,17,32,10,,
RHGCL,36,48,10,,
NESDO,32,38,30,,
NESDO,32,49,10,,
RHGCL,36,8,10,,
NIFRA,1,50,64,,
SHPC,13,58,100,,
UHEWA,38,38,10,,
KPCL,40,42,10,,
MBJC,46,36,10,,
GVL,25,17,10,,
RHGCL,36,47,10,,
RHGCL,36,16,10,,
RHGCL,36,46,10,,
RHGCL,49,8,10,,
HDHPC,46,44,2000,,
RHGCL,49,6,10,,
HHL,43,17,10,,
NFS,52,14,300,,
ULBSL,26,36,10,,
NMB,21,58,193,,
NMB,57,58,13,,
GVL,25,46,10,,
MKJC,58,52,10,,
DORDI,16,55,10,,
LICN,1,6,100,,
LICN,13,6,13,,
RHGCL,49,38,10,,
RHGCL,17,48,10,,
UHEWA,38,38,10,,
RHGCL,17,40,10,,
RHPL,1,7,10,,
NLIC,26,42,48,,
MHL,35,22,30,,
MHL,35,57,10,,
MHL,35,55,10,,
MHL,35,7,10,,
MHL,35,57,10,,
NFS,52,14,200,,
RHGCL,17,42,10,,
MBL,17,44,250,,
LICN,13,3,87,,
LICN,22,3,20,,
LICN,11,3,10,,
LICN,6,3,10,,
RHGCL,17,6,10,,
RHGCL,17,8,10,,
NBL,49,21,10,,
SGHC,46,38,10,,
RFPL,42,17,10,,
SGHC,46,36,10,,
AKPL,34,40,40,,
AKPL,41,40,44,,
RHGCL,58,39,10,,
RHGCL,58,45,10,,
RHGCL,58,47,10,,
NTC,35,28,100,,
UPPER,46,56,31,,
UPPER,10,56,100,,
UPPER,14,56,50,,
UPPER,14,56,50,,
UPPER,11,56,100,,
UPPER,40,56,60,,
UPPER,58,56,10,,
UPPER,25,56,100,,
UPPER,6,56,10,,
UPPER,34,56,100,,
UPPER,45,56,150,,
UPPER,34,56,100,,
UPPER,8,56,500,,
UPPER,17,56,10,,
UPPER,17,56,11,,
UPPER,8,56,500,,
UPPER,42,56,70,,
UPPER,5,56,10,,
UPPER,39,56,173,,
UPPER,49,56,50,,
NABIL,54,34,10,,
SICL,51,34,240,,
RHGCL,58,41,10,,
BHL,40,6,10,,
RHGCL,58,8,10,,
HIDCL,34,43,30,,
HIDCL,37,43,269,,
HIDCL,49,43,20,,
HIDCL,57,43,39,,
HIDCL,58,43,15,,
RHGCL,58,32,10,,
LICN,28,3,10,,
RHGCL,58,6,10,,
RHGCL,58,47,10,,
NTC,19,28,180,,
SHPC,16,58,100,,
NYADI,21,42,10,,
RHGCL,58,28,10,,
HHL,52,17,10,,
UHEWA,38,55,10,,
AKPL,49,28,50,,
UHEWA,38,6,10,,
NLIC,57,42,50,,
RHGCL,58,48,10,,
SRBL,49,59,10,,
RHGCL,58,8,10,,
UHEWA,38,49,10,,
RHGCL,49,53,10,,
SHIVM,58,57,70,,
RHGCL,49,36,10,,
NLIC,40,58,10,,
SHINE,38,34,150,,
AKPL,5,28,10,,
RADHI,45,52,50,,
RADHI,32,52,50,,
NMB,6,48,100,,
SHIVM,28,16,15,,
RIDI,17,50,144,,
UHEWA,38,50,10,,
UHEWA,38,17,10,,
SHPC,4,43,490,,
RHGCL,49,8,10,,
BHL,40,3,790,,
BHL,10,3,200,,
RHGCL,25,57,10,,
RHGCL,25,58,10,,
RHGCL,49,47,10,,
MBL,49,44,20,,
RHGCL,49,49,10,,
GUFL,3,57,204,,
GUFL,3,56,100,,
MBJC,46,44,10,,
GUFL,3,21,10,,
GUFL,3,53,480,,
GUFL,3,56,60,,
KBL,22,38,50,,
KBL,22,5,50,,
HDHPC,1,44,150,,
RHGCL,4,58,10,,
RHGCL,4,35,10,,
RHGCL,4,49,10,,
RHGCL,49,58,10,,
RHGCL,49,8,10,,
RHGCL,49,45,10,,
CZBIL,28,11,20,,
GVL,25,32,10,,
SHPC,34,43,10,,
MLBL,49,26,53,,
NLICL,1,4,10,,
NTC,34,50,50,,
KRBL,58,4,12,,
SGHC,46,14,10,,
RHGCL,49,16,10,,
UHEWA,38,52,10,,
RHGCL,49,49,10,,
RULB,34,17,10,,
RHGCL,49,49,10,,
GVL,25,58,10,,
RULB,34,13,10,,
NIFRA,1,50,54,,
SHPC,25,43,200,,
MBJC,46,58,10,,
MBL,39,44,50,,
ADBL,22,6,94,,
ADBL,22,56,106,,
NIFRA,1,38,54,,
RHGCL,49,36,10,,
MBL,44,44,100,,
RHGCL,49,58,10,,
BHL,45,17,10,,
RHGCL,49,42,10,,
RHGCL,49,16,10,,
RHGCL,49,29,10,,
RHGCL,49,58,10,,
RHGCL,1,16,10,,
NICL,57,14,10,,
NMB50,10,4,2000,,
HDHPC,46,51,570,,
HDHPC,46,59,430,,
RFPL,42,8,10,,
SINDU,8,8,420,,
SINDU,47,8,100,,
SINDU,49,8,200,,
SINDU,52,8,20,,
SINDU,11,8,250,,
SINDU,45,8,10,,
RHGCL,1,42,10,,
HHL,52,17,10,,
UHEWA,38,55,10,,
UHEWA,38,41,10,,
NTC,49,28,10,,
NICGF,55,4,2550,,
LBBL,35,55,100,,
SGHC,46,6,10,,
RHGCL,1,36,10,,
RHGCL,1,58,10,,
UHEWA,38,17,10,,
NICA,36,41,30,,
LICN,1,43,100,,
RHGCL,1,59,10,,
SICL,41,21,50,,
RHGCL,1,40,10,,
RHGCL,19,16,10,,
AKPL,48,28,100,,
AKPL,48,6,10,,
MHL,59,6,10,,
BHDC,34,38,10,,
BHDC,34,25,10,,
EBL,58,19,10,,
RHGCL,22,14,10,,
SHPC,39,43,50,,
JBBL,55,11,70,,
JBBL,19,11,25,,
GBLBS,22,22,15,,
GLH,8,28,10,,
GVL,25,17,10,,
NRIC,13,6,46,,
RHGCL,22,38,10,,
NIFRA,7,38,100,,
NIFRA,34,38,30,,
NTC,59,28,100,,
SAHAS,26,47,10,,
RHGCL,22,28,10,,
GVL,25,44,10,,
UHEWA,38,6,10,,
RFPL,45,1,10,,
RHGCL,43,35,180,,
RHGCL,43,49,10,,
RHGCL,43,28,10,,
DORDI,33,49,10,,
RHGCL,22,58,10,,
WNLB,29,35,17,,
DORDI,33,55,10,,
GFCL,3,38,270,,
GFCL,3,32,200,,
GFCL,3,39,50,,
GFCL,3,51,180,,
RHGCL,22,42,10,,
RHGCL,22,14,10,,
RHGCL,22,49,10,,
DORDI,33,8,10,,
RHGCL,50,35,10,,
RHGCL,50,45,10,,
RHGCL,50,34,10,,
RHGCL,50,34,10,,
RHGCL,50,58,10,,
RHGCL,50,43,40,,
RHGCL,50,7,10,,
PRVU,14,48,100,,
PPCL,14,58,20,,
NLIC,11,42,52,,
USHEC,19,6,10,,
RURU,56,45,100,,
UHEWA,38,58,10,,
SGHC,8,58,151,,
SPC,48,47,10,,
AKJCL,49,34,30,,
AKJCL,49,19,10,,
NMFBS,43,14,20,,
RHGCL,22,14,10,,
RHGCL,22,17,10,,
UHEWA,38,6,10,,
BHDC,34,42,10,,
BHDC,34,22,10,,
BHDC,34,58,10,,
BHDC,34,4,10,,
BHDC,34,49,10,,
BHDC,34,58,10,,
BHDC,34,41,10,,
BHDC,34,58,10,,
BHDC,34,58,10,,
BHDC,34,25,10,,
UHEWA,38,6,10,,
RHGCL,22,58,10,,
NTC,34,49,10,,
NTC,22,28,10,,
RHGCL,10,46,10,,
NABIL,46,36,16,,
RHGCL,10,17,10,,
RHGCL,42,36,10,,
RHGCL,42,32,10,,
SICL,38,21,49,,
CHDC,39,58,10,,
MLBL,42,26,10,,
RHGCL,10,32,10,,
USHEC,45,55,10,,
HBL,7,29,78,,
RHGCL,25,43,20,,
RHGCL,25,58,10,,
CHCL,36,38,40,,
RHGCL,10,51,10,,
RHGCL,10,32,10,,
RHGCL,10,49,10,,
RHGCL,32,56,10,,
NIFRA,38,28,20,,
SGHC,8,45,10,,
RHGCL,10,17,10,,
MBL,17,44,250,,
NFS,45,29,20,,
RHGCL,10,48,10,,
KRBL,42,4,50,,
LBBL,35,21,170,,
NBL,56,55,11,,
SHPC,52,43,285,,
SHPC,16,43,200,,
SHPC,3,43,190,,
SHPC,29,43,30,,
SHPC,25,43,45,,
RHGCL,10,14,10,,
RHGCL,10,58,10,,
HIDCL,50,32,11,,
HIDCL,50,53,200,,
HIDCL,50,57,100,,
HIDCL,50,42,100,,
HIDCL,50,55,182,,
HIDCL,50,58,300,,
RHGCL,10,47,10,,
RHGCL,10,42,10,,
RHGCL,10,58,10,,
RHGCL,10,16,10,,
RHGCL,10,36,10,,
WNLB,34,35,33,,
SPC,48,58,10,,
SHL,32,48,110,,
RHGCL,10,41,10,,
MHL,53,50,10,,
RHGCL,10,48,10,,
NTC,51,28,10,,
RLFL,48,34,150,,
MLBL,49,50,10,,
RHGCL,10,32,10,,
RHGCL,10,17,10,,
NBL,52,55,772,,
NBL,52,49,228,,
RHGCL,10,14,10,,
RHGCL,10,58,10,,
RHGCL,10,58,10,,
SGHC,8,7,10,,
SGHC,8,21,10,,
SGHC,8,5,10,,
SGHC,8,58,20,,
SGHC,8,34,10,,
SGHC,8,52,10,,
GVL,7,58,10,,
RHGCL,34,32,10,,
RHGCL,34,45,10,,
RHGCL,34,49,10,,
RHGCL,48,17,10,,
PRVU,4,48,18,,
NUBL,39,35,44,,
NBL,7,4,22,,
NIFRA,48,28,10,,
RHGCL,10,16,10,,
RFPL,45,48,10,,
HDHPC,35,59,70,,
RHGCL,10,38,10,,
EBL,49,40,50,,
BHDC,25,39,10,,
GVL,7,55,10,,
ICFC,22,51,12,,
RHGCL,10,32,10,,
RHGCL,10,58,10,,
USHEC,44,17,10,,
RSDC,11,36,20,,
GVL,25,4,10,,
GVL,25,22,10,,
GVL,25,56,10,,
GVL,25,42,10,,
JBLB,40,35,13,,
PFL,58,4,16,,
BHDC,50,50,10,,
RHGCL,10,40,10,,
RHGCL,10,42,10,,
BHDC,25,38,10,,
MHL,43,17,10,,
BHDC,52,55,10,,
RHGCL,10,16,10,,
SAHAS,19,35,10,,
JOSHI,54,58,140,,
JOSHI,54,58,80,,
MHL,21,32,10,,
SGHC,8,34,10,,
SGHC,8,21,10,,
SGHC,8,42,10,,
RHGCL,10,7,10,,
RHGCL,10,58,10,,
RHGCL,10,39,10,,
RHGCL,10,17,10,,
RHGCL,48,43,440,,
RHGCL,48,35,500,,
RHGCL,48,56,10,,
RHGCL,48,26,10,,
RHGCL,48,38,10,,
RHGCL,48,13,10,,
RHGCL,48,58,10,,
RHGCL,48,16,10,,
MNBBL,34,44,20,,
HIDCL,50,58,104,,
NMB,57,4,100,,
RHGCL,10,42,10,,
UHEWA,38,38,10,,
NTC,5,28,50,,
RHGCL,10,32,10,,
NGPL,50,43,50,,
SADBL,53,44,1000,,
SADBL,53,39,50,,
SADBL,53,19,110,,
SADBL,53,44,440,,
NLIC,49,42,62,,
RHGCL,10,16,10,,
MBL,34,44,200,,
RHGCL,10,42,10,,
RHGCL,32,36,10,,
NHPC,16,58,29,,
RHGCL,32,58,10,,
NBL,32,4,25,,
RHGCL,32,42,10,,
SANIMA,58,13,10,,
RHGCL,32,13,10,,
RHGCL,32,28,10,,
NIFRA,48,49,39,,
RHGCL,34,36,10,,
HHL,43,17,10,,
RHGCL,34,58,10,,
RHGCL,34,16,10,,
CHCL,58,48,50,,
BHDC,52,55,10,,
MFIL,55,6,10,,
UHEWA,38,38,10,,
UPPER,42,45,20,,
CORBL,35,13,10,,
RHGCL,34,17,10,,
NTC,29,34,11,,
NTC,29,28,10,,
NTC,29,28,10,,
NTC,29,28,10,,
NTC,29,28,10,,
NTC,29,4,30,,
NTC,29,28,19,,
RHGCL,34,14,10,,
NTC,45,28,850,,
MEN,17,56,500,,
MEN,41,56,40,,
RHGCL,36,32,10,,
RHGCL,36,40,10,,
RHGCL,36,42,10,,
SJCL,38,18,50,,
SJCL,38,59,10,,
SJCL,38,18,20,,
RHGCL,36,32,10,,
RHGCL,36,58,10,,
RHGCL,36,47,10,,
NTC,45,28,65,,
RHGCL,36,16,10,,
HDHPC,41,51,30,,
RHGCL,36,16,10,,
RHGCL,49,46,10,,
RHGCL,36,49,10,,
RHGCL,36,57,10,,
NCCB,49,39,19,,
MFIL,55,55,10,,
RHGCL,36,17,10,,
RHGCL,49,39,10,,
RLFL,48,43,50,,
RHGCL,36,56,10,,
RIDI,53,50,100,,
JALPA,57,7,10,,
HIDCL,49,58,10,,
HIDCL,49,49,70,,
USHEC,3,57,10,,
SHPC,44,45,50,,
RHGCL,36,46,10,,
HDHPC,38,51,200,,
UHEWA,38,45,10,,
RHGCL,36,17,10,,
RHGCL,36,58,10,,
HDHPC,6,44,12,,
NABIL,46,36,27,,
NABIL,33,36,25,,
NABIL,49,36,25,,
NABIL,32,36,31,,
RHGCL,36,35,10,,
RFPL,45,55,10,,
NTC,42,28,1000,,
RHGCL,36,17,10,,
USHEC,44,40,10,,
NIFRA,57,49,15,,
NTC,17,28,450,,
MLBL,32,50,10,,
RHGCL,36,11,10,,
RHGCL,36,45,10,,
CZBIL,6,11,10,,
MNBBL,38,1,50,,
RHGCL,36,41,10,,
NTC,49,28,103,,
RHGCL,36,17,10,,
RHGCL,36,32,10,,
KBL,51,29,106,,
NHPC,16,58,21,,
NCCB,49,39,100,,
NTC,32,28,500,,
SADBL,59,44,360,,
NABIL,32,44,14,,
NABIL,22,44,10,,
NABIL,57,44,50,,
NABIL,58,44,10,,
NABIL,49,44,10,,
NABIL,44,44,24,,
GLH,42,43,10,,
NABIL,57,44,30,,
NABIL,49,44,10,,
NABIL,58,44,25,,
NABIL,58,44,25,,
NABIL,50,44,14,,
NABIL,44,44,50,,
UHEWA,39,46,10,,
USHEC,8,45,10,,
HBL,33,58,20,,
RHGCL,38,17,10,,
UHEWA,39,21,10,,
USHEC,43,40,10,,
MNBBL,38,14,30,,
UMRH,13,29,10,,
UMRH,13,59,10,,
CHDC,18,38,20,,
UHEWA,39,55,10,,
RHGCL,38,41,10,,
RHGCL,38,41,10,,
RHGCL,38,42,10,,
RHGCL,38,16,10,,
RHGCL,36,16,10,,
RHGCL,36,4,10,,
RHGCL,36,36,10,,
NTC,29,28,300,,
RHGCL,36,32,10,,
RHGCL,36,36,10,,
KPCL,49,45,300,,
KPCL,32,45,200,,
RHGCL,36,45,10,,
GUFL,44,53,20,,
RHGCL,36,17,10,,
UHEWA,39,45,10,,
JBLB,34,33,10,,
MERO,44,4,10,,
RHGCL,36,32,10,,
RIDI,6,50,50,,
SANIMA,28,38,68,,
RHGCL,36,16,10,,
NTC,57,28,300,,
RHGCL,36,19,10,,
DORDI,5,16,10,,
RIDI,17,50,90,,
RFPL,45,17,10,,
RHGCL,32,36,10,,
MHL,21,8,10,,
RHGCL,32,32,10,,
RHGCL,32,4,10,,
RHGCL,32,41,10,,
RHGCL,32,21,10,,
ENL,34,26,40,,
ENL,34,49,10,,
ENL,34,58,10,,
ENL,34,56,10,,
UHEWA,55,58,10,,
RHGCL,32,17,10,,
RHGCL,32,14,10,,
PCBL,32,7,10,,
PCBL,32,43,90,,
RADHI,32,45,100,,
RHGCL,32,45,10,,
SAHAS,52,47,10,,
RLFL,56,43,150,,
MBJC,46,55,10,,
NICA,41,36,15,,
NABIL,6,1,10,,
NABIL,57,1,20,,
RHGCL,32,19,10,,
GVL,25,38,10,,
GVL,25,59,10,,
GVL,25,32,10,,
GVL,25,58,10,,
GVL,25,7,10,,
GVL,25,52,10,,
RHGCL,32,11,10,,
SGHC,8,50,10,,
RHGCL,36,3,10,,
RHGCL,36,58,10,,
RHGCL,36,59,10,,
RHGCL,36,32,10,,
RHGCL,36,58,10,,
RHGCL,36,45,10,,
RHGCL,36,52,10,,
RHGCL,36,49,10,,
RHGCL,36,39,10,,
RHGCL,36,7,10,,
RHGCL,56,36,10,,
RHGCL,56,46,10,,
GVL,7,17,10,,
MNBBL,49,14,50,,
MNBBL,49,14,100,,
MNBBL,49,14,10,,
MNBBL,22,14,10,,
ICFC,34,51,330,,
RHGCL,56,45,10,,
NHPC,11,47,20,,
RHGCL,56,42,10,,
RIDI,17,8,10,,
RHGCL,56,54,10,,
RHGCL,56,58,10,,
RHGCL,36,41,10,,
RHGCL,36,19,10,,
RHGCL,36,58,10,,
RFPL,34,38,10,,
RFPL,34,49,10,,
RFPL,34,49,10,,
RFPL,34,45,10,,
RFPL,34,45,10,,
RFPL,34,16,10,,
RFPL,34,4,10,,
RFPL,34,41,10,,
RFPL,34,38,10,,
RFPL,34,45,10,,
RHGCL,36,17,10,,
UHEWA,39,32,10,,
RHGCL,36,19,10,,
RHGCL,36,57,10,,
NABIL,56,34,100,,
SADBL,52,44,200,,
SGHC,57,21,10,,
SGHC,57,57,10,,
SGHC,57,50,10,,
SGHC,57,46,10,,
SGHC,57,58,10,,
SGHC,57,54,10,,
SGHC,57,35,10,,
SGHC,57,58,10,,
SGHC,57,58,10,,
SGHC,57,32,10,,
SGHC,57,42,10,,
SGHC,57,34,10,,
SGHC,57,21,10,,
SGHC,57,47,110,,
SGHC,57,58,10,,
SGHC,57,49,10,,
RHGCL,36,32,10,,
SGHC,8,50,10,,
NTC,32,28,500,,
BHL,5,3,10,,
RULB,17,49,10,,
RHGCL,36,16,10,,
RHGCL,36,36,10,,
MHL,21,17,10,,
RHGCL,36,57,10,,
RHGCL,51,58,10,,
NIFRA,13,49,146,,
NIFRA,13,45,54,,
RHGCL,36,17,10,,
LICN,10,3,100,,
RHGCL,36,29,10,,
DORDI,33,47,10,,
HHL,38,55,10,,
NGPL,5,43,200,,
SHEL,28,58,10,,
SGHC,8,50,10,,
GVL,7,49,10,,
MFIL,4,21,100,,
RHGCL,36,36,10,,
RHGCL,36,39,10,,
RHGCL,36,43,10,,
RHGCL,36,16,10,,
RHGCL,36,55,10,,
MBJC,46,58,10,,
RHGCL,36,17,10,,
NUBL,25,59,24,,
AKPL,34,19,30,,
NTC,17,28,50,,
RHGCL,36,38,10,,
SGHC,8,5,50,,
SGHC,8,32,10,,
SGHC,8,39,10,,
RHGCL,36,45,10,,
RHGCL,36,19,10,,
UNHPL,58,57,30,,
RFPL,45,55,10,,
MHL,21,58,10,,
MBJC,46,6,10,,
NTC,42,28,100,,
RHGCL,36,38,10,,
RHGCL,14,38,10,,
MHL,21,58,10,,
RHGCL,14,50,10,,
RHGCL,14,49,10,,
RHGCL,14,42,10,,
HIDCL,46,49,10,,
RHGCL,48,35,500,,
RHGCL,14,38,10,,
RHGCL,14,45,10,,
FOWAD,57,52,100,,
FOWAD,57,42,10,,
HHL,38,38,10,,
DORDI,33,32,10,,
RHGCL,14,17,10,,
GVL,56,6,10,,
RHGCL,14,56,10,,
RHGCL,14,47,10,,
RHGCL,14,42,10,,
NHPC,44,48,500,,
NTC,32,28,25,,
NTC,32,28,500,,
JALPA,28,50,10,,
UHEWA,39,46,10,,
RHGCL,36,14,10,,
SGHC,8,49,10,,
RHGCL,17,16,10,,
RHGCL,17,11,10,,
CHDC,17,38,150,,
BHL,45,58,10,,
RHGCL,36,45,10,,
RHGCL,36,57,10,,
NFS,42,55,150,,
RHGCL,36,17,10,,
NICA,17,36,100,,
RHGCL,36,41,10,,
BHL,45,55,10,,
USHEC,19,42,10,,
RHGCL,36,49,10,,
RHGCL,36,44,10,,
RHGCL,36,48,10,,
RHGCL,36,57,10,,
RHGCL,36,44,10,,
RHGCL,36,22,10,,
RHPL,1,13,10,,
RHGCL,36,32,10,,
MNBBL,1,1,50,,
NYADI,21,17,10,,
RHGCL,36,19,10,,
GVL,56,38,10,,
NTC,5,28,50,,
LICN,52,58,100,,
FOWAD,57,46,157,,
RHGCL,36,17,10,,
HHL,38,6,10,,
RHGCL,36,22,10,,
RHGCL,36,57,10,,
MBJC,46,11,10,,
MBJC,46,52,10,,
RHGCL,53,44,10,,
NABIL,1,36,56,,
MLBL,52,50,50,,
TPC,19,19,10,,
SWBBL,25,4,15,,
AKPL,49,19,10,,
JOSHI,34,58,20,,
RHGCL,34,35,10,,
RHGCL,34,32,10,,
MHL,21,42,10,,
NICA,44,36,35,,
NICA,44,59,15,,
BHDC,52,46,10,,
AKPL,52,19,55,,
AKPL,52,6,45,,
RHGCL,34,17,10,,
RFPL,14,6,10,,
RHGCL,34,57,10,,
API,32,14,300,,
API,58,14,50,,
API,41,14,50,,
RHGCL,34,44,10,,
RHGCL,57,57,10,,
RHGCL,57,49,10,,
RHGCL,57,49,10,,
UHEWA,39,58,10,,
USHEC,43,38,10,,
EDBL,3,25,400,,
AKJCL,57,19,10,,
RHPL,1,13,10,,
CHCL,34,48,100,,
FOWAD,17,46,28,,
DDBL,49,47,27,,
BHDC,52,6,10,,
RHGCL,35,42,10,,
RHGCL,35,58,10,,
RHGCL,35,58,10,,
NFS,45,55,50,,
RHGCL,57,17,10,,
RHGCL,57,57,10,,
RHGCL,57,36,10,,
NRN,45,34,10,,
NRN,45,13,10,,
NRN,45,13,10,,
RHGCL,57,38,10,,
MHL,38,49,10,,
NIFRA,34,58,10,,
NMB,1,17,275,,
NMB,56,17,200,,
NMB,58,17,10,,
NMB,28,17,42,,
NMB,3,17,33,,
MNBBL,44,1,10,,
MNBBL,44,4,40,,
AHPC,17,45,600,,
AHPC,17,52,50,,
AHPC,17,45,350,,
SAHAS,6,45,320,,
SAHAS,6,41,100,,
SAHAS,6,17,10,,
SAHAS,6,42,20,,
SAHAS,6,41,10,,
SAHAS,6,45,10,,
SAHAS,6,41,10,,
SAHAS,6,39,10,,
RHGCL,57,32,10,,
NIL,33,41,10,,
MEN,41,32,30,,
RHGCL,45,26,10,,
MHL,38,53,10,,
LICN,26,25,30,,
AKJCL,57,36,200,,
NIFRA,34,58,10,,
RHGCL,58,16,10,,
NIFRA,50,58,20,,
NIL,48,41,18,,
BNHC,57,53,10,,
BNHC,57,36,10,,
HDHPC,38,55,100,,
GUFL,52,56,30,,
RHGCL,58,17,10,,
RHGCL,58,58,10,,
HDL,49,57,10,,
HDL,57,57,10,,
MHL,38,38,10,,
RHGCL,58,35,10,,
RHGCL,58,17,10,,
GBLBS,34,25,140,,
HIDCL,57,34,12,,
LICN,28,25,10,,
SMFBS,45,3,10,,
RHGCL,58,34,10,,
ADBL,54,56,12,,
ADBL,54,53,100,,
ADBL,54,1,188,,
RHGCL,58,56,10,,
SBCF,14,58,100,,
NTC,49,28,108,,
NLIC,49,57,125,,
RHGCL,58,49,10,,
RHGCL,58,17,10,,
GBLBS,58,25,10,,
SCB,35,55,37,,
SCB,35,22,13,,
RHGCL,58,26,10,,
NMBMF,38,34,32,,
NLIC,57,19,15,,
NLIC,57,48,91,,
RHGCL,58,58,10,,
RHGCL,58,16,10,,
NFS,16,55,10,,
BHL,45,36,10,,
RHGCL,58,58,10,,
AHPC,35,14,60,,
NGPL,52,43,200,,
RHGCL,58,32,10,,
RHGCL,58,48,10,,
RHGCL,58,26,10,,
GVL,56,52,10,,
NTC,58,28,80,,
MHL,38,17,10,,
MEN,41,57,10,,
UPPER,39,11,27,,
UPPER,5,11,10,,
UPPER,25,11,69,,
SGHC,8,51,10,,
JBBL,1,6,10,,
MHL,38,50,10,,
NMB,3,38,11,,
RHGCL,58,53,10,,
NIFRA,50,32,20,,
SGHC,8,17,10,,
RHGCL,58,41,10,,
USHEC,49,49,10,,
NABIL,58,34,150,,
HHL,22,39,10,,
HHL,22,39,10,,
HHL,22,17,10,,
HHL,22,39,10,,
HHL,22,39,10,,
HHL,22,39,10,,
HHL,22,39,10,,
HHL,22,39,10,,
HHL,22,39,10,,
HHL,22,21,10,,
RFPL,45,36,10,,
GFCL,57,51,20,,
LICN,58,58,100,,
LICN,44,58,10,,
LICN,49,58,10,,
KMCDB,45,48,50,,
RHGCL,58,17,10,,
RHGCL,58,46,10,,
RLFL,52,43,50,,
HDHPC,1,55,193,,
HDHPC,1,45,57,,
NTC,34,28,40,,
RHGCL,36,45,10,,
ALBSL,35,38,16,,
SADBL,43,48,110,,
PCBL,34,43,45,,
RHGCL,19,7,10,,
ULBSL,36,58,10,,
SAHAS,6,49,10,,
RHGCL,53,42,10,,
PRVU,49,48,10,,
RHGCL,53,11,10,,
RHGCL,53,17,10,,
RHGCL,53,59,10,,
NESDO,28,58,10,,
RHPL,1,39,200,,
USHEC,43,45,10,,
RHGCL,53,49,10,,
HDHPC,57,45,300,,
ICFC,58,36,10,,
ICFC,58,51,50,,
ICFC,58,57,14,,
ICFC,58,58,10,,
RHGCL,53,21,10,,
NGPL,58,43,11,,
HDL,34,6,10,,
HDL,34,59,10,,
HDL,34,32,25,,
RHGCL,53,32,10,,
RHGCL,42,17,10,,
SGHC,8,29,10,,
RHGCL,44,36,10,,
NTC,45,28,100,,
NFS,43,52,300,,
NFS,43,44,17,,
JBBL,1,6,30,,
JBBL,1,42,10,,
NIFRA,56,35,43,,
NABIL,47,34,100,,
NHPC,28,48,500,,
RHPL,26,4,40,,
RHGCL,36,59,10,,
RHGCL,36,34,10,,
RHGCL,36,37,10,,
GVL,56,29,10,,
KSBBL,49,45,10,,
ADBL,42,1,102,,
SGHC,8,39,10,,
SGHC,8,22,10,,
SGHC,8,16,79,,
RHGCL,58,17,10,,
RHGCL,58,26,10,,
USHEC,19,7,10,,
RHGCL,58,38,10,,
RHGCL,58,16,10,,
CLBSL,21,28,50,,
CLBSL,51,28,100,,
SANIMA,28,57,17,,
CLBSL,1,28,10,,
RHGCL,58,32,10,,
HHL,49,39,10,,
CHCL,36,21,140,,
UHEWA,22,16,10,,
BNT,28,45,10,,
KBL,32,39,470,,
NTC,4,28,100,,
UMHL,32,33,500,,
RHGCL,58,49,10,,
PSF,51,58,100,,
AKPL,34,19,30,,
SJCL,32,13,10,,
RHGCL,58,49,10,,
NTC,57,28,120,,
RHGCL,58,38,10,,
SRBL,51,59,20,,
NICA,38,59,10,,
RHGCL,39,38,10,,
UHEWA,22,21,10,,
NIFRA,1,20,17,,
RHGCL,44,17,10,,
GVL,56,57,10,,
RHGCL,44,38,10,,
MPFL,46,45,200,,
MFIL,55,34,400,,
SHEL,36,37,100,,
HDHPC,35,58,430,,
RHGCL,44,35,10,,
NLIC,58,4,20,,
RHGCL,44,26,10,,
GVL,25,58,10,,
RHGCL,44,59,10,,
RHGCL,59,35,100,,
RHGCL,44,35,10,,
NTC,32,28,500,,
NGPL,56,43,200,,
SGHC,8,58,10,,
BPCL,6,19,50,,
UHEWA,22,46,10,,
RHGCL,44,17,10,,
PCBL,58,43,65,,
NYADI,11,52,10,,
RHGCL,44,57,10,,
RHGCL,42,35,190,,
RHGCL,42,54,10,,
RHGCL,44,45,10,,
RHGCL,36,56,10,,
CORBL,54,37,10,,
JFL,55,38,10,,
RHGCL,36,38,10,,
RHGCL,36,49,10,,
RHGCL,36,41,10,,
RHGCL,41,35,20,,
RHGCL,41,49,10,,
RHGCL,41,4,100,,
RHGCL,41,45,10,,
RHGCL,41,58,10,,
RHGCL,41,6,10,,
RHGCL,41,25,10,,
RHGCL,41,58,10,,
RHGCL,41,49,10,,
RHGCL,41,34,10,,
RHGCL,41,57,10,,
RHGCL,36,32,10,,
RHGCL,36,21,10,,
MBJC,46,3,10,,
RHGCL,36,1,10,,
RHGCL,19,3,10,,
NESDO,28,35,10,,
LBBL,34,21,330,,
NESDO,28,35,10,,
LBBL,34,57,50,,
LBBL,34,57,100,,
LBBL,34,58,20,,
RHGCL,38,58,10,,
NLIC,58,29,10,,
UPPER,25,45,14,,
RHGCL,38,49,10,,
RHGCL,38,40,10,,
RHGCL,38,43,10,,
HHL,49,39,10,,
HHL,49,32,10,,
RHGCL,38,42,10,,
RHGCL,38,16,10,,
RHGCL,38,7,10,,
NTC,3,28,500,,
RHGCL,38,1,10,,
RHGCL,38,33,10,,
RHGCL,38,58,10,,
RHGCL,40,45,10,,
RADHI,32,44,50,,
RHGCL,40,58,10,,
RHGCL,58,38,10,,
DORDI,28,52,10,,
RHGCL,58,41,10,,
RHGCL,58,21,10,,
RHGCL,58,49,10,,
RHGCL,58,4,20,,
RHGCL,58,43,50,,
RHGCL,41,43,10,,
RHGCL,26,43,50,,
RHGCL,42,43,50,,
RHGCL,10,43,240,,
RHGCL,10,35,10,,
HHL,49,55,10,,
HHL,49,39,10,,
HHL,49,58,10,,
HHL,49,33,10,,
UHEWA,21,29,10,,
RHGCL,10,32,10,,
UHEWA,21,56,10,,
RHGCL,10,38,10,,
ICFC,34,58,70,,
RHGCL,10,45,10,,
BHDC,47,57,10,,
BHDC,47,58,10,,
BHDC,47,25,10,,
BHDC,47,34,10,,
BHDC,47,50,10,,
BHDC,47,58,10,,
BHDC,47,39,10,,
BHDC,47,22,10,,
BHDC,47,57,10,,
BHDC,47,3,10,,
RHGCL,10,18,10,,
NESDO,28,33,10,,
NESDO,28,53,10,,
JALPA,45,58,10,,
JALPA,42,58,10,,
RHGCL,10,33,10,,
MBJC,14,35,10,,
RHGCL,58,4,20,,
RHGCL,10,38,10,,
RFPL,45,1,10,,
RHGCL,7,4,630,,
SGHC,13,29,10,,
GLH,8,45,10,,
AKPL,52,19,100,,
NABIL,1,3,144,,
AKPL,51,19,170,,
AKPL,51,35,30,,
UMHL,44,59,500,,
RHGCL,7,45,10,,
RHGCL,7,38,10,,
UHEWA,21,1,10,,
RHGCL,26,58,10,,
RHGCL,26,45,10,,
ADBL,48,58,10,,
ADBL,48,26,44,,
NIFRA,1,39,110,,
RHGCL,26,1,10,,
RHGCL,26,38,10,,
RLFL,56,43,250,,
RHGCL,4,41,10,,
GVL,45,6,10,,
HDL,51,32,65,,
HDL,51,14,35,,
RHGCL,26,38,10,,
SAHAS,49,45,10,,
RHGCL,26,25,10,,
CORBL,54,37,10,,
KDBY,19,58,100,,
KDBY,19,58,100,,
RHGCL,26,45,10,,
GVL,25,54,10,,
GVL,25,19,200,,
RHGCL,26,16,10,,
RHGCL,26,29,10,,
RHGCL,26,38,10,,
ICFC,34,45,100,,
RHGCL,10,33,10,,
RURU,57,48,21,,
HHL,38,58,10,,
SAHAS,49,21,10,,
RHGCL,10,29,10,,
RHGCL,10,11,10,,
NIFRA,1,53,54,,
RHGCL,10,32,10,,
SRBL,43,17,107,,
RHGCL,17,6,10,,
RHGCL,10,45,10,,
RHGCL,10,38,10,,
RHGCL,10,38,10,,
NTC,49,28,1000,,
ULBSL,44,57,10,,
RHGCL,10,22,10,,
SGHC,13,49,10,,
NYADI,4,1,10,,
NABIL,1,45,21,,
NIFRA,1,39,54,,
RHGCL,10,45,10,,
JBLB,45,46,7,,
RHGCL,10,38,10,,
NIFRA,1,28,327,,
RHGCL,10,38,10,,
CBBL,26,41,25,,
RHGCL,10,21,10,,
RHGCL,10,58,10,,
RHGCL,10,45,10,,
RHGCL,10,32,10,,
RHGCL,10,1,10,,
RHGCL,10,38,10,,
HURJA,11,4,20,,
HDHPC,57,58,500,,
SCB,1,22,10,,
JBLB,45,45,17,,
RHGCL,10,38,10,,
GVL,45,49,10,,
RADHI,4,59,20,,
RHGCL,10,32,10,,
RHGCL,7,38,10,,
USHEC,49,16,10,,
RHGCL,7,45,10,,
RHGCL,7,7,10,,
SGHC,13,29,10,,
RHGCL,7,45,10,,
RHGCL,7,26,10,,
RHGCL,7,38,10,,
RHGCL,35,21,10,,
RHGCL,35,16,10,,
RHGCL,35,49,10,,
RHGCL,35,39,10,,
RHGCL,35,55,10,,
RHGCL,35,49,10,,
RHGCL,35,52,10,,
RHGCL,35,44,10,,
RHGCL,35,41,10,,
RHGCL,35,51,10,,
MFIL,34,34,500,,
MFIL,45,34,50,,
MFIL,14,34,200,,
MFIL,35,34,40,,
MFIL,22,34,150,,
MFIL,19,34,26,,
MFIL,32,34,30,,
NLIC,39,29,10,,
RHGCL,7,32,10,,
RHGCL,7,38,10,,
RHGCL,7,38,10,,
RHGCL,36,1,10,,
RHGCL,36,34,10,,
RHGCL,36,7,10,,
RHGCL,36,51,10,,
RHGCL,36,58,10,,
RHGCL,36,52,10,,
RHGCL,36,17,10,,
RHGCL,36,32,10,,
RHGCL,36,45,10,,
UHEWA,21,49,10,,
RHGCL,21,49,10,,
SEF,14,47,300,,
KBL,41,39,30,,
UHEWA,55,4,10,,
UHEWA,55,4,10,,
UHEWA,55,58,10,,
UHEWA,55,45,10,,
UHEWA,21,32,10,,
HDHPC,34,58,400,,
SGHC,49,45,10,,
HDHPC,57,58,200,,
NGPL,58,43,190,,
RHGCL,7,38,10,,
RHGCL,45,58,10,,
RHGCL,45,58,10,,
RHGCL,45,49,10,,
RHGCL,45,7,10,,
RHGCL,45,38,10,,
RHGCL,45,49,10,,
RHGCL,45,35,10,,
RHGCL,45,41,10,,
RHGCL,45,49,10,,
RHGCL,45,4,105,,
JBLB,45,49,10,,
RHGCL,7,16,10,,
NBL,32,54,275,,
NBL,58,54,75,,
RFPL,45,29,10,,
NIFRA,56,28,15,,
RHGCL,7,38,10,,
NICLBSL,19,1,9,,
RHGCL,7,16,10,,
JALPA,16,49,10,,
CORBL,54,37,10,,
UMRH,43,53,100,,
MBJC,14,29,10,,
RHGCL,36,58,10,,
SICL,38,14,51,,
SICL,47,14,84,,
NLICL,36,4,17,,
SICL,13,14,25,,
RHGCL,36,25,10,,
PRVU,34,40,21,,
SAHAS,32,21,10,,
RHGCL,36,35,10,,
RHGCL,19,4,15,,
UHEWA,21,45,10,,
RHGCL,52,38,10,,
RHGCL,52,38,10,,
UPPER,19,54,24,,
RHGCL,52,38,10,,
RHGCL,52,8,10,,
RHGCL,52,46,10,,
SBL,56,44,473,,
SBL,55,44,20,,
SBL,5,44,30,,
SBL,47,44,10,,
SBL,14,44,50,,
SBL,7,44,50,,
SBL,57,44,200,,
SBL,41,44,100,,
SBL,32,44,17,,
SBL,14,44,50,,
GUFL,58,56,10,,
HDHPC,19,58,200,,
GVL,45,29,10,,
RHGCL,36,25,10,,
NABIL,1,54,79,,
AKPL,25,20,10,,
NLIC,48,29,13,,
KSBBL,40,45,20,,
RHGCL,36,32,10,,
SHPC,29,41,70,,
SHPC,16,41,200,,
SHPC,13,41,100,,
GVL,45,49,10,,
BHL,17,17,25,,
RHGCL,36,45,10,,
RHGCL,36,6,10,,
KPCL,45,45,473,,
KPCL,57,45,27,,
HDHPC,48,58,50,,
AKPL,25,14,19,,
AKPL,34,14,100,,
AKPL,46,14,20,,
AKPL,26,14,61,,
RHGCL,36,56,10,,
BHDC,34,29,10,,
RHGCL,36,25,10,,
RHGCL,36,38,10,,
NTC,26,28,2000,,
RHGCL,7,48,10,,
HIDCL,57,7,19,,
UHEWA,21,49,10,,
RULB,49,56,10,,
RHGCL,7,38,10,,
RHGCL,44,32,10,,
RHGCL,44,48,10,,
RHGCL,44,21,10,,
RHGCL,44,57,10,,
RHGCL,44,6,10,,
RHGCL,44,41,10,,
RHGCL,44,49,10,,
GVL,45,49,10,,
RHGCL,44,49,10,,
RHGCL,44,38,10,,
RHGCL,44,38,10,,
RHGCL,7,32,10,,
MHL,34,58,10,,
JBLB,29,57,7,,
UHEWA,21,41,10,,
USHEC,57,38,10,,
NIFRA,45,28,58,,
RHGCL,36,25,10,,
USHEC,57,38,10,,
RHGCL,36,38,10,,
KPCL,57,45,173,,
KPCL,45,45,68,,
KPCL,50,45,759,,
NABBC,5,49,10,,
AHPC,32,14,100,,
AHPC,16,14,90,,
RHGCL,36,38,10,,
RHGCL,36,16,10,,
NTC,32,28,500,,
NICLBSL,55,40,10,,
RHGCL,36,56,10,,
RADHI,49,59,10,,
RHGCL,21,51,10,,
NTC,45,25,85,,
NTC,51,25,15,,
RHGCL,11,58,10,,
RHGCL,11,49,10,,
RHGCL,11,58,10,,
RHGCL,36,38,10,,
RHGCL,19,49,10,,
BHL,17,38,10,,
HDHPC,1,58,20,,
RHGCL,56,45,10,,
RULB,34,58,10,,
NRIC,58,18,26,,
PCBL,47,58,123,,
UMRH,48,53,500,,
RHGCL,36,38,10,,
RHGCL,36,35,10,,
NTC,41,28,10,,
NTC,51,3,20,,
KPCL,50,45,241,,
KPCL,19,45,100,,
KPCL,39,45,50,,
KPCL,19,45,194,,
KPCL,39,45,50,,
RHGCL,36,38,10,,
NABIL,40,54,59,,
MBJC,14,29,10,,
RHGCL,36,49,10,,
RHGCL,41,52,10,,
CZBIL,1,11,600,,
RHGCL,36,35,10,,
NTC,32,28,30,,
SRBL,44,34,100,,
PCBL,7,58,14,,
RHGCL,36,6,10,,
NABIL,32,54,62,,
UHEWA,22,45,10,,
RHGCL,36,38,10,,
NIFRA,45,3,42,,
NIFRA,17,3,12,,
GVL,16,58,10,,
SMFBS,48,56,19,,
MBJC,14,58,10,,
RHGCL,36,35,10,,
RHGCL,36,42,10,,
RHGCL,36,58,10,,
RHGCL,36,35,10,,
RHGCL,36,7,10,,
RHGCL,36,32,10,,
NRIC,45,18,10,,
RHGCL,43,32,10,,
RHGCL,43,32,10,,
RHGCL,43,32,10,,
SAHAS,32,29,10,,
RHGCL,45,38,10,,
SHIVM,34,47,40,,
NMB,49,4,12,,
AKPL,26,58,29,,
RHGCL,45,38,10,,
NICA,39,59,10,,
NICA,39,37,10,,
NICLBSL,38,29,10,,
NICLBSL,38,29,10,,
RHGCL,45,53,10,,
RHGCL,19,45,10,,
HDHPC,58,59,12,,
RHGCL,19,32,10,,
RHGCL,19,35,10,,
RHGCL,19,16,10,,
MHL,34,39,10,,
RADHI,17,16,11,,
RHGCL,19,35,10,,
RHGCL,19,41,10,,
RHGCL,19,53,10,,
RHGCL,19,19,10,,
RHGCL,19,54,10,,
RHGCL,19,7,10,,
RHGCL,19,58,10,,
RHGCL,19,43,10,,
RHGCL,19,48,10,,
RHGCL,19,7,10,,
RHGCL,19,26,10,,
RHGCL,19,34,10,,
RHGCL,19,49,10,,
RHGCL,19,45,10,,
RHGCL,19,16,10,,
RHGCL,19,35,15,,
RHGCL,42,35,50,,
GVL,45,29,10,,
RHGCL,36,16,10,,
SGHC,59,38,10,,
RHGCL,36,38,10,,
RFPL,45,34,10,,
RHGCL,39,35,20,,
HDL,47,14,20,,
RHGCL,38,35,50,,
NICA,55,45,10,,
SAHAS,32,46,10,,
NTC,7,28,100,,
HIDCL,49,7,50,,
BHL,17,45,30,,
RMF1,58,8,100,,
RHGCL,34,35,10,,
RHGCL,58,38,10,,
RHGCL,58,34,10,,
NRIC,33,18,10,,
RHGCL,58,38,10,,
RHGCL,58,35,250,,
NBL,58,35,25,,
NBL,58,35,10,,
NBL,55,35,21,,
NBL,38,35,20,,
RHGCL,57,19,10,,
CBBL,35,41,25,,
CBBL,42,41,50,,
RHGCL,45,38,10,,
RFPL,45,57,10,,
MDB,43,34,10,,
SJCL,32,58,15,,
NIFRA,6,35,10,,
RHGCL,45,14,10,,
MHL,34,44,10,,
RHGCL,45,38,10,,
MHL,39,16,10,,
RHGCL,45,7,10,,
RHGCL,45,55,10,,
UPPER,25,35,17,,
RHGCL,45,38,10,,
API,53,33,17,,
LICN,41,25,20,,
RHGCL,45,17,10,,
RHGCL,45,49,10,,
BHDC,16,42,10,,
HDHPC,29,59,820,,
NFS,53,44,483,,
NFS,53,57,17,,
SHL,17,55,200,,
SHL,17,45,200,,
MBJC,14,57,10,,
RHGCL,7,38,10,,
NTC,39,28,30,,
RHGCL,34,16,10,,
RHGCL,42,35,20,,
RHGCL,34,16,10,,
RHGCL,45,38,10,,
RHGCL,45,38,10,,
AKPL,49,19,39,,
RHGCL,45,17,10,,
PCBL,32,58,17,,
PCBL,34,58,46,,
API,32,1,90,,
API,34,1,200,,
API,32,1,100,,
RHGCL,3,35,20,,
API,10,33,40,,
SGHC,25,7,10,,
RHGCL,45,42,10,,
RHGCL,45,21,10,,
UHEWA,22,4,10,,
RHGCL,45,38,10,,
RHGCL,45,16,10,,
RHGCL,45,41,10,,
RHGCL,7,38,10,,
SGHC,49,52,10,,
RHGCL,7,32,10,,
RHGCL,7,16,10,,
RHGCL,7,56,10,,
RHGCL,7,39,10,,
SBL,34,51,100,,
RHGCL,7,17,10,,
RHGCL,7,38,10,,
RHGCL,7,42,10,,
USHEC,34,34,10,,
RHGCL,7,38,10,,
RHGCL,7,16,10,,
RHGCL,7,49,10,,
API,29,33,43,,
RHGCL,7,51,10,,
RHGCL,7,6,10,,
RHGCL,7,38,10,,
RHGCL,7,54,10,,
SANIMA,59,59,10,,
UHEWA,22,16,10,,
RHGCL,7,26,10,,
HDL,52,50,50,,
USHEC,34,44,10,,
JALPA,38,48,10,,
USHEC,34,42,10,,
GVL,45,4,10,,
RHGCL,45,38,10,,
RHGCL,45,32,10,,
RHGCL,45,40,10,,
SAHAS,6,33,470,,
RHGCL,45,42,10,,
NRIC,58,54,50,,
NRIC,58,52,10,,
RHGCL,45,34,10,,
USHEC,49,36,10,,
USHEC,49,28,10,,
RHGCL,45,38,10,,
SICL,47,47,8,,
RHGCL,45,3,10,,
USHEC,34,34,50,,
RHGCL,38,16,10,,
RHGCL,57,54,10,,
USHEC,34,50,10,,
RHGCL,57,38,10,,
RHGCL,25,35,25,,
RHGCL,58,35,10,,
RHGCL,57,38,10,,
SBL,38,44,10,,
RHGCL,57,42,10,,
RHGCL,57,3,10,,
RHGCL,57,42,10,,
RHGCL,57,38,10,,
RHGCL,57,32,10,,
SAHAS,6,35,10,,
BHL,17,39,10,,
BHL,17,35,10,,
BHL,17,13,10,,
BHL,17,22,10,,
BHL,17,58,95,,
KMCDB,45,48,10,,
AKJCL,50,36,100,,
RHGCL,57,3,10,,
RHGCL,57,42,10,,
GBLBS,46,51,12,,
RHGCL,57,16,10,,
RHGCL,14,38,10,,
RHGCL,14,58,10,,
RHGCL,14,38,10,,
BHL,45,6,10,,
NABBC,17,43,10,,
PRVU,34,56,70,,
NTC,45,45,50,,
RHGCL,14,3,10,,
RHGCL,14,14,10,,
ENL,52,10,10,,
USHEC,34,50,10,,
UHEWA,22,17,10,,
SJCL,13,4,10,,
SJCL,5,4,10,,
NRIC,13,50,10,,
NRIC,13,59,15,,
RFPL,17,39,20,,
RHGCL,14,38,10,,
NICLBSL,10,47,20,,
MBL,11,44,140,,
RHGCL,14,38,10,,
RHGCL,14,42,10,,
RHGCL,14,3,10,,
GBBL,32,59,100,,
GBBL,47,59,100,,
GBBL,34,59,70,,
CFCL,32,38,90,,
CFCL,10,38,10,,
CFCL,21,38,150,,
CFCL,32,38,50,,
UHEWA,39,17,10,,
HDHPC,14,59,1000,,
HDHPC,51,59,320,,
RHGCL,14,41,10,,
RHGCL,14,17,10,,
NTC,51,58,52,,
SAHAS,6,16,10,,
SHEL,57,45,10,,
SAHAS,6,36,10,,
SAHAS,6,58,500,,
UNHPL,42,26,140,,
RHGCL,38,35,10,,
RHGCL,57,8,10,,
RHGCL,57,38,10,,
RHGCL,57,16,10,,
RHGCL,35,35,20,,
USHEC,14,50,10,,
RHGCL,57,3,10,,
UHEWA,39,7,10,,
UHEWA,39,33,110,,
UHEWA,39,14,10,,
UHEWA,39,49,10,,
UHEWA,39,49,10,,
UHEWA,39,49,10,,
UHEWA,39,49,10,,
UHEWA,39,8,10,,
UHEWA,39,58,10,,
UHEWA,39,17,10,,
UHEWA,39,38,10,,
UHEWA,39,21,10,,
UHEWA,39,38,10,,
UHEWA,39,58,10,,
UHEWA,39,16,50,,
NLIC,38,45,10,,
NTC,32,58,30,,
RHGCL,57,45,10,,
SAHAS,49,39,10,,
SAHAS,49,22,10,,
NTC,21,58,20,,
RHGCL,57,38,10,,
RHGCL,57,56,10,,
RHGCL,57,32,10,,
RHGCL,19,39,10,,
RHGCL,19,35,10,,
RHGCL,19,16,10,,
KBL,5,28,100,,
KBL,5,45,284,,
RHGCL,19,3,10,,
MNBBL,47,47,6,,
SGHC,49,36,10,,
RHGCL,19,38,10,,
RHGCL,19,58,10,,
RHGCL,19,48,10,,
RHGCL,19,32,10,,
RHGCL,19,58,10,,
RHGCL,19,16,10,,
USHEC,14,50,10,,
OHL,55,49,20,,
RHGCL,57,26,10,,
RHGCL,57,38,10,,
MHL,58,41,10,,
UHEWA,22,26,10,,
RHGCL,57,56,10,,
NRIC,34,59,30,,
RHGCL,57,16,10,,
RHGCL,57,58,10,,
RHGCL,57,47,10,,
RFPL,17,21,10,,
RFPL,17,54,10,,
RFPL,17,14,10,,
RFPL,17,19,10,,
NIFRA,17,46,24,,
RFPL,17,6,30,,
NIFRA,17,53,14,,
RFPL,17,34,10,,
RHGCL,34,38,10,,
MMF1,54,47,100,,
HIDCL,57,7,15,,
EBL,58,14,100,,
MLBL,50,51,470,,
USHEC,14,50,10,,
RHGCL,34,8,10,,
NTC,32,58,28,,
RHGCL,34,39,10,,
RFPL,14,45,10,,
UHEWA,22,28,10,,
HDHPC,57,58,200,,
RHGCL,26,43,250,,
RHGCL,26,11,10,,
RHGCL,26,58,10,,
RHGCL,26,58,10,,
RHGCL,26,58,10,,
RHGCL,26,56,10,,
RHGCL,34,38,10,,
SGHC,49,45,10,,
RHGCL,19,49,10,,
RHGCL,19,58,10,,
RHGCL,19,58,10,,
RHGCL,19,52,10,,
RHGCL,19,7,10,,
RHGCL,19,57,10,,
RHGCL,19,35,10,,
RHGCL,19,11,10,,
RHGCL,19,58,10,,
RHGCL,19,40,10,,
RHGCL,1,16,10,,
RFPL,14,58,10,,
RHGCL,1,56,10,,
UHEWA,32,41,10,,
RHGCL,1,47,10,,
RHGCL,1,38,10,,
NRN,25,18,10,,
RHGCL,1,39,10,,
USHEC,57,34,10,,
RHGCL,1,21,10,,
RHGCL,1,40,10,,
RHGCL,1,16,10,,
UHEWA,32,28,10,,
NIFRA,54,59,54,,
RHGCL,1,11,10,,
HIDCL,35,7,14,,
KRBL,5,36,35,,
RHGCL,1,38,10,,
RHGCL,1,32,10,,
HEI,38,59,20,,
RHGCL,1,26,10,,
RHGCL,1,21,10,,
RHGCL,1,47,10,,
BPCL,1,19,10,,
AKPL,26,21,10,,
AKPL,58,21,40,,
API,58,42,6,,
RHGCL,1,39,10,,
KBL,47,47,3,,
RHGCL,42,16,10,,
NIFRA,44,53,40,,
NIFRA,44,59,53,,
NIFRA,44,32,54,,
NIFRA,44,49,53,,
RHGCL,42,54,10,,
RHGCL,42,26,10,,
MLBSL,29,58,10,,
RHGCL,1,34,10,,
RHGCL,1,16,10,,
RHGCL,1,16,10,,
NTC,32,57,40,,
RHGCL,1,38,10,,
RHGCL,1,47,10,,
AKPL,29,19,150,,
RHGCL,1,10,10,,
RHGCL,38,49,10,,
RHGCL,41,4,10,,
RHGCL,41,34,10,,
UHEWA,32,28,10,,
RHGCL,1,35,10,,
NTC,32,58,212,,
NTC,45,58,108,,
NTC,41,58,180,,
SGHC,49,21,10,,
NIFRA,54,47,54,,
RHGCL,1,16,10,,
RHGCL,38,8,10,,
MBJC,14,54,10,,
SRBL,21,49,380,,
SRBL,11,49,100,,
RHGCL,38,38,10,,
RURU,32,48,10,,
RHGCL,38,16,10,,
NLIC,1,59,22,,
RSDC,44,36,22,,
RSDC,45,36,10,,
USHEC,14,21,10,,
RHGCL,38,47,10,,
SBL,4,59,40,,
SBL,52,59,10,,
MHL,39,45,10,,
RHGCL,35,43,10,,
HDHPC,57,44,20,,
RHGCL,38,6,10,,
RHGCL,38,6,10,,
SGHC,49,10,10,,
NTC,19,28,210,,
UHEWA,32,21,10,,
RHGCL,38,38,10,,
NICA,46,57,13,,
NICA,46,10,17,,
RHGCL,38,32,10,,
SGHC,49,57,10,,
RHGCL,38,21,10,,
SGHC,49,49,10,,
RHGCL,38,38,10,,
NIFRA,54,38,19,,
RHGCL,38,16,10,,
BHDC,52,10,10,,
RHGCL,38,38,10,,
RHGCL,19,47,10,,
RADHI,53,59,100,,
SGHC,49,21,10,,
NTC,21,28,20,,
GVL,45,57,10,,
RHGCL,41,42,10,,
RFPL,51,58,81,,
RFPL,34,58,30,,
IGI,58,57,20,,
HHL,45,6,10,,
RHGCL,41,49,10,,
MHL,39,10,10,,
RHGCL,41,59,10,,
RHGCL,41,16,10,,
RHGCL,8,32,10,,
RHGCL,41,35,10,,
SAHAS,52,7,10,,
SAHAS,52,58,10,,
SAHAS,52,41,10,,
NLIC,29,59,10,,
UHEWA,32,21,10,,
GVL,25,10,10,,
RHGCL,41,38,10,,
RHGCL,41,47,10,,
RHGCL,41,32,10,,
HIDCLP,50,28,100,,
NLIC,35,59,250,,
NTC,4,28,100,,
RHGCL,58,49,10,,
NTC,33,28,50,,
NTC,51,28,70,,
RHGCL,45,4,10,,
GVL,25,4,10,,
GVL,25,57,10,,
JSLBB,54,28,10,,
MHL,39,21,10,,
RHGCL,42,4,240,,
RHGCL,42,43,250,,
RHGCL,42,32,10,,
RHGCL,42,48,10,,
RHGCL,42,50,10,,
RHGCL,42,52,10,,
RHGCL,42,58,10,,
RHGCL,42,49,10,,
RHGCL,42,32,10,,
RHGCL,42,7,10,,
RHGCL,42,59,10,,
RHGCL,42,45,10,,
RHGCL,42,32,10,,
RHGCL,41,43,10,,
RHGCL,26,32,10,,
RHGCL,26,10,10,,
MNBBL,35,4,10,,
NIFRA,42,38,10,,
NIFRA,26,38,71,,
NLG,58,45,40,,
NGPL,38,16,100,,
NESDO,49,51,10,,
SGHC,57,41,10,,
GVL,25,45,10,,
RHGCL,26,47,10,,
NTC,34,28,100,,
RHGCL,26,38,10,,
RHGCL,26,38,10,,
AKJCL,34,25,190,,
NICLBSL,45,29,10,,
RHGCL,38,57,10,,
RHGCL,38,28,10,,
NCCB,26,35,20,,
ADBL,57,38,10,,
ADBL,49,38,10,,
ADBL,59,38,10,,
RHGCL,38,45,10,,
RHGCL,38,16,10,,
RHGCL,38,17,10,,
CZBIL,21,11,250,,
MMF1,54,47,100,,
RHGCL,38,29,10,,
RHGCL,38,34,10,,
RFPL,34,59,10,,
PCBL,34,10,54,,
PCBL,59,10,146,,
RHGCL,38,38,10,,
RBCL,49,49,10,,
RHGCL,38,26,10,,
RHGCL,38,47,10,,
RHGCL,58,28,10,,
RHGCL,58,1,10,,
RHGCL,58,59,10,,
MBJC,14,29,10,,
RFPL,34,57,10,,
RHGCL,58,22,10,,
RHGCL,58,56,10,,
NLIC,58,58,20,,
ENL,52,10,20,,
RHGCL,58,16,10,,
RHGCL,58,38,10,,
RHGCL,58,41,10,,
RHGCL,58,28,10,,
SLBBL,58,55,50,,
HIDCL,38,53,45,,
RHGCL,58,35,10,,
RHGCL,58,38,10,,
RHGCL,58,32,10,,
RHGCL,58,32,10,,
SGHC,57,16,11,,
SGHC,34,16,10,,
SGHC,34,7,10,,
ENL,52,58,10,,
NIFRA,26,47,29,,
RHGCL,58,47,10,,
NIFRA,7,47,25,,
RHGCL,58,28,10,,
GVL,25,29,10,,
RHGCL,58,1,10,,
RHGCL,58,16,10,,
RHGCL,58,58,10,,
NIBD84,47,45,100,,
NIBD84,47,45,100,,
NIBD84,47,29,815,,
RHGCL,58,51,10,,
CHCL,51,21,50,,
MHL,39,37,10,,
MHL,39,38,10,,
MHL,39,58,10,,
FOWAD,17,42,12,,
RHGCL,58,35,10,,
BHDC,34,45,10,,
RHGCL,58,34,10,,
UPCL,16,56,100,,
RHGCL,57,11,10,,
RHGCL,57,34,10,,
RHGCL,58,58,10,,
KBL,52,45,12,,
RHGCL,58,58,10,,
CHCL,33,21,100,,
KBL,42,45,100,,
RHGCL,58,58,10,,
KBL,26,45,500,,
RHGCL,58,35,260,,
KBL,28,45,394,,
KBL,49,45,50,,
KBL,49,45,100,,
KBL,58,45,10,,
KBL,58,45,25,,
KBL,49,45,25,,
OHL,25,7,10,,
RHGCL,45,38,10,,
RHGCL,45,36,10,,
SWBBL,56,44,26,,
MHL,39,58,10,,
RHGCL,45,38,10,,
NABIL,1,34,39,,
NABIL,1,3,10,,
NIFRA,34,49,11,,
RHGCL,45,1,10,,
RHGCL,52,35,340,,
SGHC,34,34,10,,
NICA,45,10,50,,
NIFRA,57,41,10,,
RHGCL,44,43,10,,
RHGCL,44,34,10,,
HIDCL,38,38,35,,
RHGCL,45,38,10,,
RHGCL,45,36,10,,
UMHL,32,50,14,,
UMHL,32,41,100,,
RHGCL,45,16,10,,
RHGCL,45,26,10,,
NICA,37,10,10,,
RHGCL,45,45,10,,
NABIL,50,42,15,,
NABIL,49,42,40,,
UHEWA,55,45,10,,
SGHC,34,21,10,,
MBJC,14,21,10,,
SGHC,34,34,10,,
NIFRA,6,47,20,,
RHGCL,45,38,10,,
RHGCL,45,54,10,,
HIDCL,48,38,8,,
PPCL,45,48,16,,
RHGCL,45,49,10,,
RHGCL,13,35,10,,
RHGCL,13,28,10,,
NICA,38,10,10,,
NICA,58,10,13,,
RADHI,45,59,50,,
RHGCL,45,38,10,,
RHGCL,45,38,10,,
SGHC,34,34,10,,
RHGCL,45,38,10,,
RHGCL,45,26,10,,
SGHC,34,52,10,,
RHGCL,45,38,10,,
RHGCL,58,1,10,,
RHGCL,58,4,10,,
RHGCL,58,42,10,,
SICL,49,59,120,,
RHGCL,4,5,10,,
AHPC,16,58,210,,
AHPC,32,58,290,,
RHGCL,49,38,10,,
USHEC,14,38,10,,
CHDC,39,59,490,,
CHDC,4,59,500,,
UNHPL,58,57,100,,
ADBL,58,26,40,,
SGHC,57,21,10,,
SGHC,57,34,10,,
RHGCL,6,54,10,,
SGHC,57,56,10,,
HHL,45,52,10,,
RHGCL,6,38,10,,
RHGCL,6,4,10,,
RHGCL,6,4,10,,
RHGCL,6,49,10,,
RHGCL,19,36,10,,
RHGCL,19,55,10,,
RHGCL,6,54,10,,
RHGCL,6,56,10,,
CIT,22,38,25,,
CIT,43,38,20,,
CIT,28,38,19,,
CIT,47,38,10,,
CIT,39,38,20,,
RHGCL,6,47,10,,
RHGCL,6,38,10,,
RADHI,58,59,100,,
RADHI,4,59,100,,
RHGCL,6,58,10,,
DORDI,16,38,10,,
RHGCL,6,42,10,,
RHGCL,6,38,10,,
NYADI,29,35,10,,
SAHAS,32,57,10,,
SGHC,57,34,10,,
RHGCL,6,4,10,,
RHGCL,6,44,10,,
CHDC,59,59,10,,
RHGCL,6,48,10,,
RHGCL,6,38,10,,
RHGCL,6,38,10,,
RHGCL,6,1,10,,
UNHPL,42,57,100,,
RHGCL,6,47,10,,
RHGCL,6,40,10,,
RHGCL,6,40,10,,
RHGCL,6,55,10,,
RHGCL,6,40,10,,
MHNL,21,37,32,,
RHGCL,19,4,10,,
KSBBL,52,50,10,,
RHGCL,19,45,10,,
RHGCL,19,38,10,,
SAHAS,32,53,10,,
SAHAS,32,46,10,,
RHGCL,14,57,10,,
EBL,26,46,247,,
RHGCL,52,42,10,,
RHGCL,52,32,10,,
EBL,49,46,53,,
RHGCL,52,40,10,,
RHGCL,52,58,10,,
RHGCL,52,49,10,,
RHGCL,52,40,10,,
RHGCL,52,57,10,,
RHGCL,52,43,10,,
RHGCL,52,35,10,,
RHGCL,14,38,10,,
RHGCL,14,39,10,,
RHGCL,14,4,10,,
ADBL,58,26,16,,
BHL,40,56,10,,
AKJCL,57,25,10,,
RHGCL,14,47,10,,
MHL,21,34,10,,
NHDL,43,28,10,,
RHGCL,14,34,10,,
RHGCL,14,16,10,,
RHGCL,14,49,10,,
RHGCL,14,47,10,,
SGHC,57,58,10,,
UHEWA,39,42,10,,
RHGCL,33,47,10,,
UHEWA,55,58,10,,
UHEWA,55,32,10,,
UMHL,32,41,300,,
MBJC,14,56,10,,
MHL,21,34,10,,
AKPL,8,19,30,,
RHGCL,42,4,10,,
RHGCL,59,1,10,,
RBCLPO,42,19,20,,
RBCLPO,42,40,20,,
RBCLPO,42,19,20,,
RBCLPO,42,26,10,,
RBCLPO,42,26,20,,
RBCLPO,42,28,20,,
RBCLPO,42,6,10,,
RBCLPO,42,20,10,,
RBCLPO,42,50,20,,
RBCLPO,42,7,20,,
RHGCL,59,16,10,,
API,32,45,22,,
RHGCL,59,4,10,,
HHL,45,21,10,,
ENL,48,56,10,,
RHGCL,58,16,10,,
RHGCL,59,59,10,,
RHGCL,59,47,10,,
SAPDBL,49,38,20,,
SAPDBL,1,38,180,,
RHGCL,59,47,10,,
RHGCL,59,46,10,,
UHEWA,39,57,10,,
RHGCL,59,21,10,,
NABIL,40,17,11,,
RHGCL,59,4,10,,
UHEWA,39,58,10,,
NMB,3,4,10,,
NMB,3,4,10,,
NMB,3,4,10,,
NMB,3,4,10,,
NMB,3,4,10,,
RHGCL,59,1,10,,
RHGCL,43,47,10,,
RHGCL,43,34,10,,
NCCB,26,36,20,,
RHGCL,43,16,10,,
RHGCL,54,34,10,,
RHGCL,54,54,10,,
SAHAS,52,56,10,,
RHGCL,43,21,10,,
BPCL,55,55,3,,
HHL,13,42,10,,
RHGCL,43,4,10,,
AKJCL,52,57,10,,
NMB,29,4,10,,
SAHAS,49,17,10,,
RHGCL,40,54,10,,
HDHPC,39,44,500,,
RHGCL,50,21,10,,
RHGCL,50,47,10,,
RHGCL,50,34,10,,
DORDI,16,56,10,,
RHGCL,50,4,10,,
RHGCL,50,16,10,,
UHEWA,39,45,10,,
NTC,51,28,10,,
RHGCL,50,21,10,,
RHGCL,4,58,10,,
RHGCL,4,25,10,,
RFPL,34,17,10,,
HIDCL,16,21,15,,
UHEWA,39,56,10,,
RHPL,49,52,470,,
RHGCL,50,4,10,,
RHGCL,50,42,10,,
NMB,3,4,10,,
NMB,51,4,60,,
NMB,47,4,20,,
NABIL,22,17,489,,
HDHPC,35,44,480,,
RHGCL,11,34,10,,
NTC,37,57,20,,
NTC,37,38,10,,
NIFRA,41,41,40,,
RHGCL,11,32,10,,
RHGCL,11,52,10,,
RHGCL,11,32,10,,
RHGCL,11,58,10,,
RHGCL,11,42,10,,
RHGCL,11,58,10,,
SIFC,14,38,300,,
NCCB,14,22,50,,
RHGCL,58,4,10,,
RHGCL,11,58,10,,
USHEC,14,7,10,,
RHGCL,22,35,10,,
RHGCL,22,17,10,,
RHGCL,22,49,10,,
MBJC,14,17,10,,
RHGCL,11,58,10,,
SGHC,57,21,10,,
SBL,58,26,50,,
NTC,51,25,100,,
RHGCL,11,34,10,,
MHL,21,42,10,,
RFPL,34,38,10,,
RFPL,34,46,10,,
DORDI,6,7,10,,
DORDI,6,55,10,,
RHGCL,11,21,10,,
AKPL,8,52,100,,
RHGCL,11,4,10,,
RHGCL,16,41,10,,
RHGCL,34,34,10,,
MKLB,43,58,10,,
GVL,25,38,10,,
HIDCLP,28,32,10,,
NRIC,34,41,20,,
RHPL,49,58,10,,
HIDCL,6,38,165,,
RHGCL,38,4,10,,
UHEWA,39,42,10,,
DORDI,16,38,10,,
UHEWA,39,48,10,,
RHGCL,50,34,10,,
MBJC,14,35,10,,
UHEWA,39,57,10,,
PCBL,59,58,54,,
PCBL,56,58,200,,
PCBL,58,58,20,,
RHGCL,50,58,10,,
PCBL,21,58,20,,
GVL,25,45,10,,
RHGCL,50,47,10,,
HIDCL,6,59,35,,
LBBL,59,55,100,,
RHGCL,38,46,10,,
SGHC,57,49,10,,
RHGCL,38,4,10,,
RHGCL,38,40,10,,
RHGCL,38,38,10,,
MNBBL,57,1,51,,
HDHPC,51,44,150,,
HDHPC,10,44,400,,
UHEWA,39,34,10,,
RHGCL,13,7,10,,
RHGCL,13,37,10,,
RHGCL,13,49,10,,
RHGCL,13,16,10,,
RHGCL,13,58,10,,
RHGCL,13,21,10,,
RHGCL,13,58,10,,
RHGCL,13,57,10,,
RHGCL,13,16,10,,
RHGCL,13,35,10,,
RHGCL,49,32,10,,
RHGCL,48,51,10,,
NABIL,22,32,11,,
NABIL,47,32,15,,
HBL,35,34,40,,
HBL,55,34,13,,
RHGCL,54,57,10,,
RHGCL,4,14,10,,
SICL,47,59,60,,
API,32,58,20,,
API,32,58,92,,
API,32,28,418,,
API,32,57,46,,
NLG,6,59,20,,
NLG,44,59,104,,
NLG,45,59,125,,
NLG,25,59,11,,
RHGCL,58,46,10,,
DORDI,16,38,10,,
UHEWA,39,52,10,,
HHL,36,16,100,,
GVL,25,7,10,,
MHL,57,22,10,,
SGHC,57,34,10,,
RHGCL,4,39,10,,
UHEWA,22,34,10,,
NCCB,14,25,400,,
RHGCL,49,56,10,,
MHNL,58,37,68,,
MHNL,58,13,40,,
MHNL,58,34,92,,
BHL,40,38,10,,
PPCL,14,17,10,,
PPCL,14,18,10,,
RHGCL,35,34,10,,
RHGCL,35,58,10,,
RHGCL,35,33,10,,
RHGCL,35,48,10,,
RHGCL,35,28,10,,
RHGCL,35,19,10,,
RHGCL,35,49,10,,
RHGCL,35,57,10,,
RHGCL,35,52,10,,
RHGCL,35,36,10,,
RHGCL,49,16,10,,
DORDI,16,17,10,,
RHGCL,57,40,10,,
RHGCL,57,29,10,,
PRVU,34,34,64,,
RHGCL,28,4,10,,
RHGCL,28,38,10,,
RHGCL,28,39,10,,
RHGCL,28,39,10,,
HHL,38,32,10,,
SGHC,57,7,10,,
RHGCL,28,53,10,,
RHGCL,28,39,10,,
UHEWA,42,34,10,,
RHGCL,28,16,10,,
SGHC,25,58,10,,
RHGCL,28,4,10,,
RHGCL,58,45,10,,
JALPA,49,49,10,,
DORDI,16,34,10,,
NABIL,58,22,100,,
BHDC,34,17,10,,
RHGCL,49,49,10,,
RHGCL,49,16,10,,
NYADI,29,53,10,,
RHGCL,13,3,10,,
RHGCL,13,47,10,,
RHGCL,34,39,10,,
RHGCL,34,4,10,,
NBL,38,54,37,,
NBL,38,34,200,,
NBL,38,37,500,,
NBL,38,38,50,,
NBL,38,40,33,,
NBL,38,57,280,,
NYADI,29,48,10,,
NYADI,29,58,10,,
USHEC,14,34,10,,
MHL,57,50,10,,
RHGCL,34,42,10,,
MLBL,47,56,35,,
RHGCL,34,4,10,,
CBBL,59,34,10,,
CBBL,42,34,10,,
RHGCL,34,54,10,,
RHGCL,29,46,10,,
HIDCL,32,38,100,,
HIDCL,6,7,100,,
UHEWA,32,3,10,,
UHEWA,32,17,10,,
USHEC,14,34,10,,
RHGCL,29,40,10,,
RHGCL,29,49,10,,
RHGCL,29,4,10,,
RHGCL,29,45,10,,
RHGCL,29,39,10,,
MMF1,58,17,100,,
RHGCL,29,42,10,,
RHGCL,29,58,10,,
NTC,41,28,10,,
USHEC,14,34,10,,
RHGCL,29,54,10,,
RHGCL,29,42,10,,
RHGCL,36,49,10,,
RHGCL,36,58,10,,
RHGCL,36,38,10,,
RHGCL,36,4,10,,
RHGCL,36,37,10,,
USHEC,44,6,10,,
UHEWA,39,25,10,,
RHGCL,58,38,10,,
RHGCL,58,4,10,,
UHEWA,39,3,200,,
UHEWA,39,59,10,,
NHPC,28,54,413,,
RHGCL,58,39,10,,
MNBBL,57,53,50,,
RHGCL,58,49,10,,
RHGCL,58,40,10,,
RHGCL,32,41,10,,
UHEWA,39,57,10,,
CZBIL,58,6,400,,
RHGCL,32,7,10,,
RHGCL,14,29,10,,
RHGCL,14,38,10,,
RHGCL,14,37,10,,
RHGCL,14,45,10,,
RHGCL,14,28,10,,
RHGCL,14,38,10,,
RHGCL,14,47,10,,
RHGCL,14,47,10,,
RHGCL,14,49,10,,
RHGCL,14,58,10,,
HBL,32,34,147,,
GVL,13,35,10,,
RHGCL,32,4,10,,
MHL,57,58,10,,
GVL,13,32,10,,
HHL,36,34,10,,
UHEWA,39,17,10,,
UHEWA,39,57,10,,
UHEWA,39,52,10,,
UHEWA,39,49,10,,
UHEWA,39,11,10,,
UHEWA,39,50,10,,
UHEWA,39,57,10,,
UHEWA,39,51,10,,
UHEWA,39,58,10,,
UHEWA,39,45,250,,
UHEWA,39,47,10,,
UHEWA,39,54,10,,
UHEWA,39,17,10,,
UHEWA,39,58,10,,
UHEWA,39,34,10,,
UHEWA,39,51,10,,
UHEWA,39,16,10,,
UHEWA,39,33,50,,
UHEWA,39,38,10,,
UHEWA,39,45,100,,
HHL,38,34,10,,
RHGCL,32,28,10,,
RULB,44,45,10,,
HDHPC,10,25,100,,
RHGCL,14,34,10,,
RHGCL,14,40,10,,
RHGCL,14,4,10,,
NTC,59,49,400,,
MPFL,46,58,50,,
NTC,37,49,50,,
RHGCL,14,58,10,,
RHGCL,14,57,10,,
RHGCL,14,57,10,,
RHGCL,14,4,10,,
RHGCL,14,8,10,,
RHGCL,14,38,10,,
RHGCL,14,32,10,,
RFPL,34,49,10,,
RHGCL,32,8,10,,
KRBL,46,36,200,,
KRBL,56,36,200,,
SDLBSL,8,6,2,,
HEIPO,58,46,10,,
NTC,41,28,10,,
RHGCL,32,4,10,,
RHGCL,49,51,10,,
RHGCL,32,21,10,,
NCCB,14,43,1000,,
NCCB,14,38,500,,
RHGCL,32,7,10,,
RHGCL,32,35,10,,
RHGCL,32,35,10,,
ENL,48,59,10,,
RHGCL,29,38,10,,
RHGCL,29,4,10,,
RHGCL,29,21,10,,
RHGCL,57,42,10,,
RHGCL,57,40,10,,
UHEWA,17,42,10,,
RHGCL,57,34,10,,
HHL,52,58,10,,
NTC,42,49,44,,
NTC,42,28,10,,
NTC,42,28,15,,
NTC,42,28,11,,
NTC,42,28,10,,
NTC,42,28,10,,
RHGCL,57,52,10,,
BHDC,52,20,10,,
RHGCL,57,34,10,,
RHGCL,58,8,10,,
RHGCL,57,22,10,,
USHEC,44,49,10,,
RHGCL,57,49,10,,
RHGCL,57,38,10,,
AHPC,32,58,100,,
UHEWA,32,26,10,,
MPFL,46,33,20,,
RHGCL,57,34,10,,
RHGCL,57,33,10,,
RHGCL,43,59,10,,
RHGCL,43,37,10,,
RHGCL,43,4,10,,
RHGCL,43,28,10,,
HHL,52,34,10,,
RHGCL,43,52,10,,
JBBL,44,4,50,,
HIDCL,56,7,10,,
NICA,51,26,45,,
NICA,4,26,10,,
NICA,11,26,20,,
NICA,4,26,25,,
NICA,47,26,300,,
BHL,56,34,10,,
RFPL,14,58,10,,
RHGCL,43,36,10,,
RHGCL,43,33,10,,
RHGCL,38,57,10,,
NABIL,40,22,12,,
NABIL,49,22,87,,
RHGCL,43,47,10,,
RHGCL,43,4,10,,
UHEWA,32,3,10,,
UHEWA,44,3,40,,
UHEWA,50,3,50,,
RHGCL,1,19,10,,
RHGCL,1,22,10,,
RHGCL,1,28,10,,
RHGCL,1,13,10,,
RHGCL,1,41,10,,
RHGCL,1,8,10,,
RHGCL,1,54,10,,
MMF1,54,17,100,,
SGHC,57,55,10,,
RHGCL,1,4,10,,
NBL,6,40,144,,
NBL,6,39,106,,
NBL,6,28,100,,
RHGCL,1,26,10,,
USHEC,44,59,10,,
RHGCL,1,29,10,,
HDHPC,35,44,450,,
RHGCL,38,28,10,,
RHGCL,38,59,10,,
MHL,57,58,10,,
USHEC,44,49,10,,
DDBL,39,4,20,,
RHGCL,38,16,10,,
RHGCL,38,4,10,,
UMHL,45,59,1000,,
UMHL,38,59,100,,
HIDCL,36,38,100,,
RFPL,14,17,10,,
RHGCL,38,56,10,,
USHEC,44,55,10,,
RHGCL,43,38,10,,
RHGCL,43,38,10,,
RHGCL,19,49,10,,
SGHC,57,38,10,,
UHEWA,50,35,10,,
UHEWA,50,25,10,,
UHEWA,50,45,10,,
UHEWA,50,29,20,,
RHGCL,19,44,10,,
RHGCL,19,4,10,,
RHGCL,19,26,10,,
RHGCL,19,7,10,,
GBBL,33,4,33,,
GBBL,4,4,17,,
RHGCL,36,59,10,,
RHGCL,36,38,10,,
MBL,54,44,150,,
RHGCL,49,44,10,,
BHL,6,39,10,,
RHGCL,49,8,10,,
MBL,56,34,26,,
RHGCL,49,49,10,,
NTC,47,58,20,,
UHEWA,44,19,10,,
SAHAS,6,59,190,,
GRDBL,58,49,20,,
RHGCL,49,38,10,,
NRIC,35,28,20,,
NRIC,49,28,80,,
NRIC,48,28,50,,
NRIC,19,28,50,,
RHGCL,49,4,10,,
RHGCL,42,58,10,,
RHGCL,42,49,10,,
RHGCL,42,8,10,,
RHGCL,42,55,10,,
RHGCL,42,36,10,,
MHL,57,58,10,,
MBJC,48,41,10,,
RHGCL,38,59,10,,
RHGCL,21,4,70,,
RHGCL,21,56,10,,
AHPC,58,58,10,,
RHGCL,21,38,10,,
RHGCL,21,47,10,,
RHGCL,49,4,10,,
SGHC,25,38,10,,
RHGCL,49,38,10,,
RHGCL,38,38,5,,
PCBL,21,7,480,,
SAHAS,32,59,100,,
PCBL,28,7,100,,
ALICL,49,35,10,,
ALICL,25,35,20,,
ALICL,21,35,10,,
GMFBS,59,38,10,,
API,51,45,93,,
ADBL,45,49,49,,
RHGCL,35,26,10,,
RHGCL,26,51,10,,
RHGCL,29,38,10,,
RHPL,49,13,20,,
RHGCL,29,57,10,,
RHGCL,29,4,10,,
UHEWA,44,37,10,,
UHEWA,44,39,10,,
RHGCL,29,58,10,,
RHGCL,29,17,10,,
SGHC,25,39,10,,
SGHC,25,35,10,,
RHGCL,29,58,10,,
RHGCL,29,8,10,,
HIDCL,16,34,120,,
RHGCL,29,8,10,,
RHGCL,29,38,10,,
RHGCL,29,4,10,,
SAHAS,32,59,50,,
RHGCL,29,7,10,,
RHGCL,29,59,10,,
FMDBL,19,52,20,,
BHL,56,28,100,,
LBBL,57,38,200,,
NICA,59,33,150,,
NICA,59,33,180,,
UHEWA,50,58,10,,
RHGCL,29,50,10,,
SGHC,25,16,10,,
RHGCL,29,6,10,,
RHGCL,29,51,10,,
UHEWA,50,38,10,,
RHGCL,29,38,10,,
RHGCL,29,4,10,,
RHGCL,29,34,10,,
IGI,14,59,401,,
IGI,19,59,100,,
IGI,6,59,110,,
RHGCL,29,35,10,,
UHEWA,50,28,10,,
NTC,45,58,1700,,
GHL,5,21,100,,
RHGCL,29,49,10,,
RHGCL,29,38,10,,
RHGCL,29,21,10,,
SGHC,25,38,10,,
UPPER,49,57,10,,
RHGCL,29,7,10,,
RHGCL,29,56,10,,
MLBL,47,36,50,,
MLBL,39,36,100,,
UHEWA,50,57,10,,
RHGCL,29,59,10,,
UHEWA,50,21,10,,
RHGCL,29,51,10,,
RHGCL,29,7,10,,
RHGCL,29,4,10,,
RHGCL,29,8,10,,
LBBL,41,56,10,,
MHL,57,38,10,,
RHGCL,29,49,10,,
RHGCL,7,58,10,,
LICN,28,25,10,,
LICN,28,44,10,,
RHGCL,33,57,10,,
RHGCL,33,36,10,,
RHGCL,7,54,10,,
RHGCL,49,43,10,,
HEI,53,45,10,,
API,50,25,100,,
RHGCL,49,19,10,,
RHGCL,49,4,10,,
RHGCL,49,59,10,,
RHGCL,49,35,10,,
RHGCL,49,56,10,,
RHGCL,7,8,10,,
RHGCL,7,35,10,,
RHGCL,7,51,10,,
RHGCL,7,34,10,,
RHGCL,7,58,10,,
WNLB,29,44,50,,
RHGCL,7,39,10,,
RFPL,14,38,10,,
RHGCL,56,7,10,,
RHGCL,25,34,10,,
RHGCL,25,40,10,,
CIT,34,57,20,,
NHPC,57,58,40,,
RHGCL,38,38,5,,
GRDBL,58,49,20,,
RHGCL,25,4,10,,
RHGCL,17,56,10,,
UHEWA,32,16,10,,
GVL,45,38,10,,
RHGCL,49,22,10,,
USHEC,14,58,10,,
HIDCL,42,17,50,,
RHGCL,49,58,10,,
RHGCL,49,49,10,,
RHGCL,49,49,10,,
HHL,52,57,10,,
MHL,57,58,10,,
RHGCL,49,8,10,,
MPFL,22,33,10,,
RHGCL,49,43,10,,
RHGCL,49,4,10,,
HHL,38,35,10,,
SAHAS,52,59,500,,
SAHAS,49,59,970,,
SAHAS,52,59,30,,
SAHAS,32,59,100,,
SAHAS,20,59,60,,
RHGCL,49,47,10,,
RFPL,14,38,10,,
RHGCL,49,29,10,,
RHGCL,49,29,10,,
NTC,50,58,1000,,
RHGCL,53,32,10,,
NICLBSL,49,20,10,,
CZBIL,34,6,75,,
CFCL,10,36,390,,
UHEWA,22,47,10,,
RHGCL,53,8,10,,
CIT,28,57,20,,
RHGCL,45,56,10,,
RHGCL,45,45,10,,
UHEWA,22,58,10,,
USHEC,58,58,10,,
USHEC,58,14,10,,
SHL,17,48,200,,
SGHC,57,45,10,,
RHGCL,45,40,10,,
MBJC,14,56,10,,
RIDI,18,18,9,,
MHL,57,20,10,,
RHGCL,44,4,10,,
RHGCL,45,47,10,,
MBL,59,44,300,,
MBL,56,44,400,,
MBL,45,44,10,,
ILBS,52,38,11,,
API,44,33,150,,
RHGCL,58,4,20,,
MBJC,14,20,10,,
RHGCL,41,4,10,,
NICA,59,56,10,,
RHGCL,48,4,100,,
RHGCL,32,4,10,,
RHGCL,57,4,100,,
RHGCL,32,4,30,,
RHGCL,32,49,10,,
RHGCL,32,37,10,,
MBJC,14,41,10,,
RHGCL,32,29,10,,
RHGCL,32,38,10,,
RLFL,56,45,150,,
HEI,10,34,225,,
HEI,32,34,20,,
RHGCL,32,49,10,,
NTC,16,58,280,,
RHGCL,32,42,10,,
RHGCL,32,42,10,,
RHGCL,45,7,10,,
RHGCL,13,47,10,,
RHGCL,13,29,10,,
UHEWA,22,57,10,,
RHGCL,13,43,10,,
NICA,59,56,10,,
API,22,28,82,,
RHGCL,13,34,10,,
RHGCL,13,40,10,,
RHGCL,45,54,10,,
RHGCL,56,1,10,,
ADBL,53,49,100,,
RHGCL,38,16,10,,
RHGCL,45,38,10,,
SGHC,58,38,10,,
RHGCL,45,45,10,,
BHL,17,42,10,,
RHGCL,58,43,10,,
MBJC,14,44,1000,,
MBJC,14,37,10,,
MBJC,14,18,10,,
RHGCL,49,29,10,,
RHGCL,49,38,10,,
RHGCL,38,57,10,,
CHDC,59,34,10,,
CHDC,59,7,19,,
BHL,17,47,40,,
BHL,17,58,10,,
BHL,17,39,10,,
BHL,17,13,10,,
BHL,17,47,30,,
BHL,17,58,10,,
BHL,17,58,10,,
BHL,17,47,20,,
RHGCL,38,53,10,,
RHGCL,33,38,10,,
RHGCL,33,58,10,,
RHGCL,33,16,10,,
MHL,57,20,10,,
SJCL,29,13,10,,
SJCL,29,13,10,,
SJCL,29,51,470,,
SJCL,29,44,10,,
RHGCL,38,29,10,,
NHPC,47,48,100,,
RHGCL,38,49,10,,
RHGCL,38,35,10,,
MHL,57,58,10,,
ADBL,21,49,17,,
UHEWA,22,41,10,,
SICL,47,56,16,,
ICFC,28,59,10,,
RFPL,14,41,10,,
SANIMA,32,37,500,,
SAHAS,20,20,10,,
HHL,58,49,10,,
CFCL,32,17,40,,
RHGCL,10,49,10,,
RHGCL,10,35,10,,
RHGCL,10,44,10,,
SINDU,37,36,100,,
RHGCL,10,38,10,,
RHGCL,10,49,10,,
RHGCL,10,57,10,,
RHGCL,10,54,10,,
SAHAS,20,41,10,,
RHGCL,10,42,10,,
RHGCL,10,45,10,,
RHGCL,10,38,10,,
NBL,59,40,23,,
RHGCL,10,1,10,,
RHGCL,10,42,10,,
RHGCL,10,34,10,,
NBF3,49,58,100,,
RHGCL,10,7,10,,
UHEWA,22,20,10,,
KDBY,26,58,100,,
SAHAS,58,42,10,,
API,44,28,100,,
SICL,58,56,10,,
RHGCL,10,57,10,,
RHGCL,10,4,10,,
DORDI,33,8,10,,
CZBIL,56,34,24,,
CZBIL,21,34,76,,
UPPER,17,57,10,,
MLBL,47,45,15,,
RHGCL,10,53,10,,
RHGCL,10,4,10,,
RHGCL,10,8,10,,
RHGCL,10,22,10,,
UHEWA,58,51,10,,
RHGCL,10,57,10,,
RHGCL,10,1,10,,
MBJC,14,20,10,,
RHGCL,49,37,10,,
SBL,58,26,41,,
GRDBL,14,49,10,,
RHGCL,10,4,10,,
RHGCL,6,16,10,,
RHGCL,6,58,10,,
RADHI,45,35,30,,
RADHI,34,35,10,,
RADHI,51,35,100,,
RADHI,4,35,100,,
RADHI,28,35,10,,
RHGCL,10,57,10,,
RHGCL,10,53,10,,
RHGCL,10,45,10,,
RHGCL,10,44,10,,
GVL,13,41,10,,
RHGCL,10,8,10,,
SGHC,58,28,10,,
RHGCL,10,53,10,,
RHGCL,10,35,10,,
TPC,19,45,10,,
RHGCL,10,4,10,,
HIDCL,48,28,42,,
HIDCL,46,28,18,,
SGHC,58,38,10,,
RHGCL,10,16,10,,
RHGCL,10,29,10,,
NBL,59,39,143,,
NIFRA,6,48,18,,
NIFRA,19,48,44,,
NIFRA,11,48,100,,
RHGCL,10,7,10,,
HHL,52,8,10,,
RHGCL,10,37,10,,
RULB,58,58,10,,
NICA,56,44,50,,
RHGCL,10,45,10,,
NTC,32,58,20,,
RHGCL,10,29,10,,
RHGCL,10,57,10,,
RHGCL,10,48,10,,
LBBL,59,56,10,,
UHEWA,22,58,10,,
RHGCL,10,46,10,,
HEIPO,20,58,10,,
RHGCL,10,53,10,,
USHEC,43,8,10,,
RHGCL,10,44,10,,
RHGCL,10,4,10,,
RHGCL,10,38,10,,
RHGCL,10,28,10,,
RHGCL,10,41,10,,
CZBIL,56,34,140,,
UHEWA,22,52,10,,
RHGCL,10,41,10,,
RHGCL,58,58,10,,
RHGCL,58,49,10,,
RHGCL,58,49,10,,
RHGCL,58,29,10,,
PFL,55,36,20,,
PFL,22,36,10,,
USHEC,49,45,10,,
HHL,52,35,10,,
UMHL,57,59,180,,
AHPC,32,55,10,,
RHGCL,56,4,10,,
BHL,25,38,10,,
RHGCL,49,53,10,,
RHGCL,34,32,10,,
RHGCL,34,57,10,,
RHGCL,58,56,10,,
RHGCL,58,58,10,,
RHGCL,49,53,10,,
UHEWA,22,32,10,,
RHGCL,49,4,10,,
SPC,48,46,10,,
UHEWA,22,42,10,,
RADHI,45,16,100,,
RHGCL,41,25,10,,
RHGCL,41,53,10,,
RHGCL,41,49,10,,
RHGCL,41,13,10,,
RHGCL,41,7,10,,
UHEWA,22,8,10,,
RHGCL,41,21,10,,
RHGCL,41,45,10,,
RHGCL,41,56,10,,
RHGCL,41,14,10,,
RHGCL,41,53,10,,
RHGCL,11,51,10,,
RHGCL,57,58,10,,
UHEWA,22,6,10,,
JBBL,22,29,100,,
SGHC,58,42,10,,
NBL,49,17,10,,
SGHC,58,58,10,,
MHL,21,41,10,,
RHGCL,57,13,10,,
LICN,49,6,20,,
LICN,57,6,10,,
ENL,48,10,50,,
RHGCL,57,35,80,,
RHGCL,38,35,50,,
RHGCL,49,35,500,,
RHGCL,11,35,50,,
RHGCL,32,35,100,,
RHGCL,59,35,120,,
SHIVM,17,56,10,,
DORDI,57,56,10,,
DORDI,57,38,10,,
UHEWA,22,56,10,,
MBJC,41,34,10,,
RHGCL,34,35,10,,
SRBL,47,29,100,,
RHGCL,59,14,10,,
RHGCL,59,43,10,,
RHGCL,59,8,10,,
RHGCL,59,13,10,,
SWBBL,35,44,300,,
RHGCL,59,17,10,,
RHGCL,59,58,10,,
SHINE,42,29,100,,
UHEWA,22,58,10,,
RHGCL,59,51,10,,
RHGCL,59,4,10,,
RHGCL,59,32,10,,
MHL,21,58,10,,
RHGCL,59,58,10,,
USHEC,44,11,10,,
RHGCL,59,45,10,,
RHGCL,59,35,10,,
GBBL,4,35,108,,
RHGCL,59,8,10,,
UHEWA,22,11,10,,
AKPL,53,6,10,,
USHEC,44,54,10,,
BHL,38,58,10,,
SADBL,47,29,50,,
SADBL,42,29,45,,
RHGCL,59,59,10,,
EBL,22,46,100,,
RHGCL,59,8,10,,
RHGCL,59,49,10,,
SADBL,42,56,10,,
RHGCL,59,57,10,,
RHGCL,59,4,10,,
RHGCL,59,16,10,,
RHGCL,59,14,10,,
RHGCL,59,49,10,,
RHGCL,59,53,10,,
RHGCL,44,4,50,,
NYADI,6,42,10,,
RHGCL,59,54,10,,
PRVU,38,29,100,,
RHGCL,59,46,10,,
RHGCL,59,4,10,,
NICA,44,44,497,,
RHGCL,59,16,10,,
KSBBL,40,29,20,,
RHGCL,59,58,10,,
RHGCL,35,47,10,,
PCBL,28,29,100,,
RHGCL,59,14,10,,
SADBL,42,56,45,,
RHGCL,59,57,10,,
MMF1,54,58,100,,
DORDI,33,58,10,,
RHGCL,59,4,10,,
USHEC,44,58,10,,
UMRH,43,49,12,,
RHGCL,50,11,10,,
RHGCL,59,57,10,,
USHEC,44,58,10,,
NBL,11,54,36,,
NBL,11,34,64,,
NMB,47,29,100,,
RHGCL,59,58,10,,
PPCL,42,33,780,,
PPCL,34,33,900,,
CHCL,57,48,50,,
CHCL,50,48,50,,
RHGCL,59,16,10,,
RHGCL,59,4,10,,
NGPL,4,34,500,,
NGPL,44,34,200,,
SAHAS,58,58,10,,
NIFRA,11,35,11,,
RHGCL,59,55,10,,
AKPL,38,6,100,,
RHGCL,59,58,10,,
LBBL,41,29,85,,
LBBL,49,29,50,,
LBBL,58,29,50,,
LBBL,11,29,15,,
RHGCL,59,57,10,,
RHGCL,58,8,10,,
RHGCL,58,33,10,,
RHGCL,58,13,10,,
PCBL,28,35,300,,
RHGCL,59,38,10,,
RHGCL,57,32,10,,
RHGCL,57,56,10,,
RHGCL,57,49,10,,
NICA,44,51,50,,
RHGCL,59,34,10,,
NLIC,57,32,12,,
RHGCL,59,58,10,,
NIFRA,11,18,54,,
NESDO,28,33,10,,
NESDO,28,38,10,,
KSBBL,56,29,10,,
KSBBL,54,29,100,,
KSBBL,13,29,70,,
RHGCL,59,4,10,,
SAHAS,58,46,10,,
RHGCL,59,58,10,,
LICN,53,6,13,,
RHGCL,59,57,10,,
RHGCL,59,10,10,,
CZBIL,56,57,60,,
NABIL,49,32,13,,
NLICL,36,32,10,,
KRBL,56,29,96,,
KRBL,42,29,40,,
KRBL,58,29,64,,
NABIL,1,35,40,,
NABIL,1,54,55,,
NABIL,1,3,20,,
RFPL,14,8,10,,
RHGCL,59,19,10,,
NICLBSL,18,18,10,,
RHGCL,59,16,10,,
UHEWA,22,58,10,,
USLB,22,59,10,,
USLB,45,59,10,,
RHGCL,59,10,10,,
UMHL,53,59,500,,
UMHL,1,59,100,,
NICSF,49,7,200,,
RHGCL,19,21,10,,
NIL,41,48,124,,
NIL,34,48,100,,
NIL,29,48,10,,
NIL,44,48,30,,
NIL,49,48,100,,
NIL,17,48,100,,
RHGCL,19,47,10,,
JBBL,34,29,100,,
PRVU,38,56,56,,
SHL,10,55,100,,
NBL,57,34,50,,
PPCL,34,37,100,,
API,18,46,10,,
UHEWA,38,3,10,,
GBBL,41,59,60,,
HEIPO,20,46,10,,
AHPC,49,59,95,,
GRDBL,22,29,100,,
GRDBL,47,29,100,,
NIFRA,11,49,46,,
NIFRA,41,49,18,,
HDL,7,42,10,,
SFCL,40,55,10,,
DORDI,58,58,10,,
LICN,26,14,100,,
LICN,50,14,50,,
LICN,50,14,10,,
UHEWA,22,29,500,,
HDHPC,38,18,10,,
RHGCL,19,45,10,,
RFPL,14,17,10,,
UHEWA,38,3,10,,
RIDI,7,34,50,,
UHEWA,36,29,10,,
UHEWA,36,41,10,,
UHEWA,36,17,10,,
UHEWA,36,51,10,,
UHEWA,36,28,10,,
RHGCL,34,58,10,,
NLICL,36,32,23,,
RHGCL,58,4,10,,
RHGCL,34,10,10,,
GBBL,41,29,200,,
RHGCL,34,56,10,,
RHGCL,34,59,10,,
SGHC,25,50,10,,
RHGCL,34,21,10,,
RHGCL,34,58,10,,
BHL,38,17,10,,
NIFRA,41,54,54,,
CFCL,10,29,100,,
RHGCL,45,4,180,,
RHGCL,38,4,60,,
RHGCL,38,47,10,,
RHGCL,38,58,10,,
RHGCL,38,54,10,,
RHGCL,38,32,10,,
RHGCL,34,35,10,,
KKHC,58,58,100,,
KKHC,58,58,50,,
RHGCL,34,49,10,,
UHEWA,44,17,10,,
RHGCL,34,52,10,,
RHGCL,34,49,10,,
RHGCL,59,50,10,,
DORDI,58,17,10,,
BFC,19,29,30,,
BFC,42,29,80,,
BFC,34,29,25,,
BFC,32,29,40,,
BFC,34,29,25,,
RHGCL,59,21,10,,
NIFRA,41,53,28,,
RHGCL,59,58,10,,
UHEWA,38,38,10,,
NLICL,45,32,13,,
RHGCL,59,49,10,,
SHIVM,45,56,200,,
RHGCL,20,52,10,,
RHGCL,20,58,10,,
RHGCL,20,49,10,,
RHGCL,20,59,10,,
RHGCL,20,45,10,,
NIFRA,51,53,26,,
NIFRA,51,13,64,,
NIFRA,51,38,25,,
RHGCL,59,14,10,,
NRIC,34,35,280,,
RHGCL,58,47,10,,
GVL,13,17,10,,
USHEC,44,58,10,,
RHGCL,59,49,10,,
SANIMA,20,32,29,,
SANIMA,37,32,21,,
RHGCL,59,58,10,,
HDHPC,38,45,200,,
SBI,34,33,10,,
RHGCL,59,16,10,,
KSBBL,13,35,180,,
KSBBL,59,35,320,,
NRIC,8,48,41,,
NRIC,41,48,20,,
NRIC,52,48,21,,
NRIC,53,48,26,,
KKHC,58,58,50,,
MHL,34,58,10,,
UHEWA,44,21,10,,
NESDO,28,51,10,,
RHGCL,38,46,10,,
RHGCL,35,42,10,,
UHEWA,38,58,10,,
GBLBS,18,18,15,,
ENL,48,28,10,,
UHEWA,38,39,10,,
RHGCL,20,21,10,,
RFPL,14,38,10,,
RHGCL,16,4,10,,
RHGCL,39,4,10,,
RHGCL,20,45,10,,
SAHAS,58,42,10,,
RHGCL,20,55,10,,
RHGCL,20,21,10,,
RHGCL,56,4,10,,
LICN,50,44,10,,
SGHC,3,58,10,,
RHGCL,20,32,10,,
RHGCL,58,4,60,,
CIT,28,3,20,,
RHGCL,20,41,10,,
RHGCL,20,16,10,,
RHGCL,20,49,10,,
RHGCL,20,28,10,,
RHGCL,20,56,10,,
RHGCL,58,3,10,,
HDHPC,47,45,43,,
HDHPC,47,22,57,,
RHGCL,38,58,10,,
RHGCL,38,43,10,,
RHGCL,38,48,10,,
RHGCL,38,58,10,,
HEIPO,34,46,10,,
SBI,59,34,200,,
RHGCL,58,21,10,,
MBJC,14,1,10,,
RHGCL,58,34,10,,
BHL,38,55,10,,
RHGCL,58,38,10,,
RHGCL,57,47,10,,
CHDC,17,34,40,,
ALICL,42,8,30,,
ALICL,57,8,600,,
RHGCL,57,39,10,,
NRIC,53,59,44,,
NRIC,42,59,50,,
RHGCL,57,32,10,,
RHGCL,57,21,10,,
RHGCL,57,47,10,,
RHGCL,57,35,10,,
RHGCL,57,51,10,,
RHGCL,57,49,10,,
RHGCL,58,18,10,,
NMB,47,49,180,,
MERO,16,6,20,,
RHGCL,58,21,10,,
NLIC,56,33,11,,
UHEWA,44,58,10,,
MHL,34,55,10,,
UHEWA,38,57,10,,
NTC,45,56,50,,
RHGCL,19,21,10,,
API,41,29,30,,
API,6,29,170,,
RHGCL,58,21,10,,
NIFRA,58,38,16,,
AHPC,41,55,90,,
RHGCL,58,34,10,,
LEC,14,10,100,,
RHGCL,58,58,10,,
RHGCL,58,32,10,,
RHGCL,58,52,10,,
RHGCL,57,32,10,,
RHGCL,58,21,10,,
RHGCL,47,49,10,,
HEIPO,20,46,10,,
ADBL,38,29,100,,
ADBL,57,29,100,,
UHEWA,38,21,10,,
RHGCL,47,26,10,,
RHGCL,45,21,10,,
RHGCL,45,43,10,,
SHIVM,21,48,200,,
GBBL,41,25,240,,
GBBL,4,25,260,,
DORDI,58,1,10,,
RHGCL,45,21,10,,
RHGCL,21,34,10,,
RHGCL,21,58,10,,
DORDI,58,58,10,,
RFPL,14,32,10,,
SAHAS,58,46,10,,
UHEWA,38,58,10,,
RHGCL,21,47,10,,
RHGCL,21,41,10,,
CHDC,17,45,10,,
RHGCL,16,21,10,,
RHGCL,16,59,10,,
NTC,45,56,50,,
RHGCL,21,21,10,,
RHGCL,21,58,10,,
RHGCL,49,42,10,,
RHGCL,49,47,10,,
RHGCL,21,57,10,,
RHGCL,21,52,10,,
RHGCL,21,46,10,,
RIDI,7,32,30,,
RHGCL,49,16,10,,
NMBMF,38,37,11,,
RHGCL,21,34,10,,
RHGCL,58,57,10,,
NABIL,50,49,21,,
RHGCL,16,21,10,,
RHGCL,7,58,10,,
NIFRA,6,49,54,,
API,6,40,330,,
NTC,11,28,50,,
HIDCL,34,46,42,,
RHGCL,7,47,10,,
RHGCL,7,5,10,,
AKPL,41,19,20,,
AKPL,51,19,40,,
RHGCL,7,49,10,,
NTC,45,48,12,,
RHGCL,7,59,10,,
RHGCL,44,43,10,,
RHGCL,49,4,40,,
RHGCL,49,49,10,,
RHGCL,49,44,10,,
RHGCL,49,44,10,,
RHGCL,49,58,10,,
RHGCL,49,39,10,,
RHGCL,49,35,10,,
RADHI,51,16,100,,
RHGCL,44,21,10,,
AHPC,41,55,10,,
RHGCL,58,35,10,,
RHGCL,58,7,10,,
RHGCL,58,48,10,,
RHGCL,58,3,10,,
RHGCL,58,6,10,,
RHGCL,44,16,10,,
NESDO,34,42,10,,
NLIC,50,57,22,,
RHGCL,44,47,10,,
USHEC,44,39,10,,
UHEWA,38,3,10,,
RHGCL,44,16,10,,
RHGCL,7,58,10,,
RHGCL,7,47,10,,
RHGCL,7,56,10,,
RHGCL,7,55,10,,
RHGCL,7,6,10,,
RHGCL,7,21,10,,
RHGCL,7,58,10,,
RHGCL,7,58,10,,
USHEC,43,14,10,,
NESDO,45,28,10,,
RFPL,14,1,10,,
NTC,49,56,12,,
RHGCL,7,58,10,,
RHGCL,7,58,10,,
SPC,58,58,10,,
GBBL,45,45,10,,
NCCB,14,26,200,,
RHGCL,7,59,10,,
RHGCL,7,39,10,,
RHGCL,7,43,10,,
RHGCL,7,16,10,,
UHEWA,38,3,10,,
RHGCL,7,45,10,,
RHGCL,28,47,10,,
RHGCL,28,49,10,,
GBBL,45,45,20,,
MERO,16,39,10,,
RHGCL,38,45,10,,
RHGCL,38,39,10,,
RHGCL,38,57,10,,
MHL,34,49,10,,
RHGCL,38,21,10,,
NTC,49,48,68,,
UHEWA,22,16,50,,
RHGCL,38,16,10,,
RHGCL,38,58,10,,
RHGCL,38,43,10,,
RHPL,49,47,500,,
RHGCL,38,48,10,,
RHGCL,38,6,10,,
RHGCL,59,6,10,,
RHGCL,59,49,10,,
RHGCL,59,45,10,,
RHGCL,47,26,10,,
RHGCL,1,47,10,,
SBL,58,59,80,,
NTC,49,48,100,,
KSBBL,59,10,30,,
RHGCL,1,39,10,,
RHGCL,1,36,10,,
BHL,38,7,10,,
RHGCL,39,57,10,,
API,32,40,100,,
API,18,40,900,,
UHEWA,22,57,10,,
AKJCL,34,58,635,,
AKJCL,6,58,45,,
AKJCL,57,58,50,,
AKJCL,57,58,200,,
AKJCL,5,58,10,,
AKJCL,49,58,60,,
RHGCL,36,45,10,,
JBLB,42,57,30,,
JBLB,42,57,17,,
JBLB,47,57,10,,
RHGCL,36,1,10,,
RHGCL,36,39,10,,
RHGCL,36,47,10,,
RHGCL,36,58,10,,
MHL,34,47,10,,
MHL,34,57,10,,
RHGCL,49,57,10,,
RHGCL,49,58,10,,
RHGCL,36,17,10,,
RHGCL,36,42,10,,
RHGCL,36,52,10,,
LLBS,21,36,100,,
API,18,40,100,,
API,57,40,25,,
API,49,40,250,,
API,53,40,40,,
API,45,40,60,,
API,48,40,100,,
API,51,40,25,,
API,1,40,100,,
API,32,40,100,,
API,16,40,200,,
SAHAS,49,47,10,,
RHGCL,36,43,10,,
RHGCL,7,49,10,,
RHGCL,42,58,10,,
RHGCL,7,35,10,,
RHGCL,36,58,10,,
RHGCL,36,39,10,,
MKJC,42,49,100,,
RHGCL,36,32,10,,
LBBL,42,35,1000,,
RHGCL,7,45,10,,
GVL,13,6,10,,
RHGCL,17,43,10,,
JALPA,51,32,10,,
RHGCL,36,58,10,,
RHGCL,50,17,10,,
NUBL,58,44,44,,
UHEWA,22,1,10,,
PROFL,28,58,10,,
RHGCL,25,49,10,,
SGHC,57,59,10,,
RHGCL,25,45,10,,
RHGCL,34,49,10,,
KSBBL,34,57,200,,
PROFL,38,38,200,,
PROFL,4,38,100,,
PROFL,11,38,300,,
PROFL,54,38,200,,
RHGCL,34,21,10,,
USHEC,44,57,10,,
GVL,13,55,10,,
AKPL,51,4,10,,
RFPL,42,54,10,,
RHGCL,34,47,10,,
UHEWA,22,48,10,,
RHGCL,34,39,10,,
NTC,45,41,10,,
NTC,25,41,10,,
RHGCL,34,39,10,,
RHGCL,49,1,10,,
RHGCL,49,47,10,,
RHGCL,49,52,10,,
RHGCL,49,1,10,,
RHGCL,49,57,10,,
RHGCL,49,38,10,,
RHGCL,49,49,10,,
RHGCL,49,32,10,,
RHGCL,49,39,10,,
RHGCL,49,41,10,,
RHGCL,49,1,10,,
RHGCL,49,57,10,,
RHGCL,49,46,10,,
RHGCL,49,48,10,,
RHGCL,49,35,10,,
AHPC,45,55,10,,
RHGCL,25,1,10,,
RHGCL,25,43,10,,
RHGCL,25,45,10,,
RHGCL,25,59,10,,
RHGCL,7,35,10,,
RHGCL,25,47,10,,
RHGCL,25,58,10,,
NTC,41,48,10,,
RHGCL,25,49,10,,
UHEWA,22,35,10,,
RHGCL,25,45,10,,
RHGCL,38,39,10,,
UMHL,59,57,10,,
RHGCL,58,58,10,,
RHGCL,46,47,10,,
RHGCL,46,59,10,,
NTC,41,58,80,,
RHGCL,7,42,10,,
GBBL,45,59,80,,
NHPC,32,56,10,,
RHGCL,56,56,10,,
RHGCL,56,42,10,,
RHGCL,56,51,10,,
API,16,40,300,,
API,17,40,100,,
API,41,40,100,,
RHGCL,56,58,10,,
RHGCL,56,16,10,,
RHGCL,56,57,10,,
RHGCL,56,48,10,,
RHGCL,56,52,10,,
RHGCL,56,56,10,,
RHGCL,56,43,10,,
RFPL,42,7,10,,
BHL,13,47,10,,
RHGCL,19,17,10,,
RHGCL,19,45,10,,
NCCB,59,22,300,,
RHGCL,19,1,10,,
RHGCL,19,32,10,,
NHPC,38,56,49,,
NHPC,58,17,500,,
RHGCL,19,39,10,,
RHGCL,41,40,10,,
RHGCL,11,16,10,,
RHGCL,49,56,10,,
RHGCL,49,49,10,,
LBBL,21,57,200,,
RHGCL,49,43,10,,
UHEWA,22,35,10,,
RHGCL,49,32,10,,
RHGCL,39,16,10,,
RHGCL,49,58,10,,
RHGCL,49,43,10,,
RHGCL,49,46,10,,
NLIC,50,57,15,,
RHGCL,49,48,10,,
RHGCL,49,47,10,,
NIFRA,16,50,25,,
NTC,34,28,10,,
RHGCL,49,39,10,,
RHGCL,11,59,10,,
GBBL,33,38,80,,
GBBL,45,38,220,,
HIDCL,47,55,100,,
HDHPC,51,10,30,,
HDHPC,26,10,250,,
HDHPC,51,10,20,,
RHGCL,49,58,10,,
RHGCL,49,21,10,,
RHGCL,49,6,10,,
RHGCL,49,57,10,,
RHGCL,49,55,10,,
RHGCL,49,58,10,,
RHGCL,49,45,10,,
RHGCL,49,28,10,,
RHGCL,49,59,360,,
RHGCL,49,16,10,,
RHGCL,49,21,10,,
RHGCL,49,43,10,,
RHGCL,49,32,10,,
RHGCL,49,21,10,,
RHGCL,49,48,10,,
RHGCL,11,47,10,,
RHGCL,34,49,10,,
AKPL,17,41,21,,
RHGCL,34,32,10,,
GVL,13,58,10,,
RHGCL,34,45,10,,
RHGCL,34,19,10,,
RHGCL,34,38,10,,
PPCL,42,6,100,,
RHGCL,34,39,10,,
RHGCL,34,4,440,,
RHGCL,19,4,20,,
RHGCL,18,4,10,,
RHGCL,11,4,10,,
RHGCL,38,4,10,,
RHGCL,47,4,10,,
RHGCL,47,59,10,,
RHGCL,57,58,10,,
SHPC,52,5,10,,
RHGCL,57,16,10,,
RHGCL,14,14,10,,
RHGCL,37,41,10,,
RHGCL,54,16,10,,
RHGCL,49,26,10,,
RHGCL,18,47,10,,
MBJC,14,41,10,,
MBJC,14,54,10,,
MBJC,14,13,10,,
MBJC,14,50,10,,
MBJC,14,36,10,,
MBJC,14,56,10,,
RHGCL,47,8,10,,
RHGCL,11,32,10,,
SAHAS,49,6,10,,
KBL,28,56,106,,
NABIL,6,54,10,,
RHGCL,57,59,100,,
RHGCL,41,59,20,,
RHGCL,38,59,200,,
RHGCL,38,59,10,,
RHGCL,56,59,20,,
RHGCL,38,59,200,,
RHGCL,38,59,90,,
RHGCL,38,32,10,,
NTC,17,28,200,,
RHGCL,37,16,10,,
RHGCL,37,59,40,,
RHGCL,38,47,10,,
RHGCL,38,52,10,,
RHGCL,38,52,10,,
RHGCL,38,34,10,,
RFPL,42,58,10,,
RHGCL,6,59,20,,
RHGCL,38,16,10,,
RHGCL,38,7,10,,
RHGCL,38,26,10,,
NTC,45,28,100,,
NTC,52,28,50,,
UPPER,40,44,10,,
RHGCL,38,43,10,,
RHGCL,38,56,10,,
RHGCL,38,14,10,,
RHGCL,44,29,10,,
NEF,35,19,300,,
NESDO,59,51,10,,
MBJC,45,41,10,,
RHGCL,7,59,10,,
RHGCL,58,47,10,,
RHGCL,35,29,10,,
ENL,20,56,10,,
RHGCL,17,59,100,,
RHGCL,33,59,20,,
RHGCL,48,59,90,,
RHGCL,45,59,10,,
RHGCL,7,59,10,,
RHGCL,57,59,10,,
RHGCL,14,59,10,,
RHGCL,58,59,50,,
RHGCL,22,59,50,,
RHGCL,7,59,10,,
RHGCL,35,59,200,,
RHGCL,51,59,30,,
RHGCL,54,59,30,,
RHGCL,49,59,50,,
RHGCL,47,59,10,,
RHGCL,26,59,10,,
RHGCL,50,59,20,,
RHGCL,36,59,100,,
RHGCL,57,59,50,,
RHGCL,45,59,10,,
RHGCL,35,59,30,,
RHGCL,35,59,40,,
RHGCL,45,59,25,,
RHGCL,45,59,20,,
RHGCL,59,59,90,,
RHGCL,59,58,10,,
RHGCL,50,49,10,,
RHGCL,50,14,10,,
RHGCL,50,44,10,,
RHGCL,50,58,10,,
RHGCL,50,57,10,,
RHGCL,50,58,10,,
RHGCL,50,32,10,,
RHGCL,50,16,10,,
RHGCL,50,20,10,,
RHGCL,50,47,10,,
RHGCL,29,58,10,,
RHGCL,29,21,10,,
RHGCL,35,16,10,,
RHGCL,16,7,10,,
RHGCL,16,42,10,,
RHGCL,58,34,10,,
RHGCL,58,49,10,,
RHGCL,32,7,10,,
RHGCL,32,29,10,,
HIDCL,33,58,15,,
HIDCL,58,58,75,,
RHGCL,43,49,10,,
RHGCL,58,38,10,,
HPPL,40,35,150,,
RHGCL,58,26,10,,
RHGCL,58,32,10,,
RHGCL,58,29,10,,
RHGCL,58,49,10,,
RHGCL,58,6,10,,
RHGCL,58,58,10,,
RHGCL,58,58,10,,
RHGCL,58,32,10,,
RHGCL,58,32,10,,
RHGCL,5,49,10,,
RFPL,42,56,10,,
RHGCL,5,28,10,,
RHGCL,5,58,10,,
RHGCL,5,29,10,,
GBBL,56,38,200,,
RHGCL,5,11,10,,
RHGCL,5,35,10,,
RHGCL,5,16,10,,
RHGCL,5,57,10,,
RHGCL,5,29,10,,
RHGCL,5,16,10,,
RHGCL,58,1,10,,
RHGCL,58,20,10,,
RHGCL,57,35,10,,
RHGCL,57,43,10,,
RHGCL,57,22,10,,
RHGCL,57,45,10,,
RHGCL,57,41,10,,
RHGCL,57,14,10,,
RHGCL,57,38,10,,
RHGCL,57,42,10,,
RHGCL,57,49,10,,
RHGCL,57,14,10,,
RHGCL,57,3,10,,
RHGCL,57,48,10,,
NRIC,17,59,40,,
RHGCL,57,48,10,,
MBJC,48,58,10,,
RHGCL,57,20,10,,
RHGCL,57,3,10,,
RHGCL,57,58,10,,
RHGCL,57,58,10,,
RHGCL,57,32,10,,
RHGCL,57,32,10,,
RHGCL,57,32,10,,
RHGCL,57,16,10,,
RHGCL,57,35,10,,
RHGCL,57,57,10,,
RHGCL,57,43,10,,
GBBL,33,36,200,,
RHGCL,57,19,10,,
RHGCL,57,50,10,,
RHGCL,57,48,10,,
RHGCL,57,45,10,,
RHGCL,57,21,10,,
RHGCL,57,20,10,,
RHGCL,57,14,10,,
RHGCL,57,38,10,,
USHEC,37,57,10,,
RHGCL,57,38,10,,
NTC,52,50,129,,
RHGCL,57,32,10,,
UHEWA,50,44,10,,
UHEWA,50,19,10,,
UHEWA,50,38,10,,
RHGCL,57,26,10,,
RHGCL,57,3,10,,
RHGCL,57,58,10,,
RHGCL,57,29,10,,
RHGCL,57,16,10,,
RHGCL,57,58,10,,
RHGCL,57,58,10,,
RHGCL,57,43,10,,
RHGCL,57,26,10,,
RHGCL,57,56,10,,
RHGCL,57,32,10,,
RHGCL,57,56,10,,
RHGCL,57,7,10,,
RHGCL,57,26,10,,
RHGCL,57,45,10,,
RHGCL,57,14,10,,
LBL,59,6,200,,
NTC,52,50,258,,
NLIC,50,44,12,,
RHGCL,58,16,10,,
RHGCL,36,49,10,,
RHGCL,36,49,10,,
RHGCL,36,38,10,,
RHGCL,36,58,10,,
RHGCL,36,43,10,,
RHGCL,36,39,10,,
RHGCL,36,45,10,,
RHGCL,36,20,10,,
RHGCL,36,47,10,,
GVL,45,50,10,,
RHGCL,36,20,10,,
RHGCL,36,38,10,,
RHGCL,36,33,10,,
NICSF,37,34,100,,
RHGCL,36,56,10,,
RHGCL,36,32,10,,
RHGCL,36,40,10,,
RHGCL,36,29,10,,
RHGCL,36,35,10,,
NTC,52,38,10,,
ALICL,11,44,10,,
RHGCL,36,58,10,,
RHGCL,36,43,10,,
RHGCL,36,16,10,,
LICN,7,58,30,,
RHGCL,36,58,10,,
NIFRA,16,41,38,,
RHGCL,36,34,10,,
SAHAS,20,57,10,,
RHGCL,36,32,10,,
RHGCL,36,47,10,,
NESDO,45,17,10,,
RHGCL,36,38,10,,
NTC,52,43,18,,
RHGCL,36,34,10,,
RHGCL,36,56,10,,
RHGCL,36,34,10,,
RHGCL,36,55,10,,
RHGCL,36,41,10,,
RHGCL,58,36,10,,
RHGCL,45,36,10,,
RHGCL,45,41,10,,
RHGCL,45,59,10,,
RHGCL,44,16,10,,
RHGCL,44,58,10,,
RHGCL,44,16,10,,
RHGCL,1,19,10,,
RHGCL,1,34,10,,
RHGCL,1,32,10,,
RHGCL,1,20,10,,
RHGCL,1,56,10,,
RHGCL,1,7,10,,
RHGCL,1,29,10,,
SGHC,25,38,10,,
RHGCL,1,21,10,,
RHGCL,1,38,10,,
RHGCL,1,52,10,,
RHGCL,28,16,10,,
RHGCL,34,14,10,,
LBBL,21,57,300,,
LBBL,58,57,100,,
RHGCL,34,34,10,,
RHGCL,34,35,10,,
RHGCL,39,49,10,,
RHGCL,45,56,10,,
RHGCL,45,58,10,,
HEI,45,57,50,,
RHGCL,45,58,10,,
RHGCL,45,47,10,,
NGPL,6,28,40,,
RHGCL,45,43,10,,
RHGCL,48,19,10,,
USHEC,43,58,10,,
RHGCL,34,52,10,,
RHGCL,34,42,10,,
RHGCL,13,14,10,,
RHGCL,47,13,10,,
RHGCL,47,48,10,,
RHGCL,47,49,10,,
RADHI,42,58,20,,
RHGCL,47,48,10,,
RHGCL,47,26,10,,
RHGCL,58,47,10,,
RHGCL,38,29,10,,
RHGCL,1,16,10,,
RHGCL,29,47,10,,
RHGCL,29,26,10,,
RHGCL,29,58,10,,
RHGCL,29,21,10,,
RHGCL,29,16,10,,
UHEWA,42,45,10,,
RHGCL,29,57,10,,
RHGCL,29,38,10,,
RHGCL,29,40,10,,
RHGCL,29,19,10,,
RHGCL,29,43,10,,
RHGCL,29,26,10,,
RHGCL,29,49,10,,
NTC,45,50,42,,
NTC,52,56,50,,
RHGCL,29,47,10,,
RHGCL,29,19,10,,
UPPER,48,57,25,,
RHGCL,29,38,10,,
NGPL,45,28,10,,
RHGCL,29,16,10,,
RHGCL,29,56,10,,
RHGCL,29,19,10,,
RHGCL,29,43,10,,
RHGCL,29,57,10,,
RHGCL,13,44,10,,
RHGCL,13,29,10,,
RHGCL,13,49,10,,
RHGCL,13,58,10,,
RHGCL,13,39,10,,
RHGCL,13,47,10,,
RHGCL,13,58,10,,
RHGCL,13,4,10,,
NTC,45,50,500,,
UNHPL,45,57,10,,
RHGCL,13,19,10,,
NTC,4,50,200,,
RHGCL,13,3,10,,
RHGCL,13,16,10,,
RHGCL,13,41,10,,
RHGCL,13,40,10,,
DORDI,6,50,10,,
RHGCL,13,49,10,,
RHGCL,13,58,10,,
SANIMA,37,34,29,,
RHGCL,13,57,10,,
CHDC,59,34,10,,
RHGCL,13,57,10,,
RHGCL,13,59,10,,
RHGCL,13,44,10,,
RHGCL,13,39,10,,
RHGCL,58,47,10,,
RHGCL,45,58,10,,
NABIL,58,49,20,,
RHGCL,45,40,10,,
RHGCL,45,26,10,,
RHGCL,45,29,10,,
RHGCL,45,43,10,,
RHGCL,45,16,10,,
RHGCL,45,38,10,,
RHGCL,45,59,10,,
RHGCL,45,26,10,,
RHGCL,45,26,10,,
RHGCL,45,13,10,,
HDHPC,51,10,200,,
RHGCL,45,29,10,,
USHEC,43,41,10,,
CZBIL,59,6,200,,
SHPC,50,10,40,,
MBJC,45,58,10,,
RHGCL,45,28,10,,
RHGCL,45,58,10,,
RHGCL,45,56,10,,
RHGCL,45,38,10,,
RHGCL,45,58,10,,
RHGCL,45,29,10,,
RHGCL,45,57,10,,
RHGCL,45,57,10,,
RHGCL,45,19,10,,
RHGCL,45,58,10,,
RHGCL,45,59,10,,
RHGCL,45,45,10,,
RHGCL,45,43,10,,
RHGCL,45,16,10,,
RHGCL,45,56,10,,
JALPA,59,50,185,,
RHGCL,45,34,10,,
RHGCL,45,26,10,,
RHGCL,45,58,10,,
RHGCL,45,21,10,,
RHGCL,45,34,10,,
RHGCL,45,32,10,,
RHGCL,45,49,10,,
RHGCL,45,43,10,,
RHGCL,45,29,10,,
RHGCL,45,32,10,,
RHGCL,45,32,10,,
RHGCL,45,47,10,,
FMDBL,25,45,10,,
RHGCL,45,52,10,,
RHGCL,45,59,10,,
RHGCL,45,32,10,,
RHGCL,45,58,10,,
RHGCL,45,58,10,,
NBL,34,34,86,,
NBL,34,6,14,,
RHGCL,45,56,10,,
RHGCL,45,43,10,,
RHGCL,45,26,10,,
RHGCL,45,45,10,,
RHGCL,45,16,10,,
RHGCL,45,57,10,,
RHGCL,32,56,10,,
RHGCL,32,56,10,,
RHGCL,32,47,10,,
RHGCL,32,58,10,,
RHGCL,32,26,10,,
RHGCL,32,58,10,,
RHGCL,32,16,10,,
RHGCL,32,26,10,,
SGHC,58,54,10,,
RHGCL,32,55,10,,
RHGCL,32,59,10,,
RHGCL,45,55,10,,
RHGCL,45,26,10,,
RHGCL,45,51,10,,
RHGCL,45,21,10,,
ENL,25,32,20,,
RHGCL,45,58,10,,
RHGCL,45,19,10,,
HDHPC,51,10,300,,
RHGCL,45,36,10,,
HDL,26,45,10,,
RHGCL,45,49,10,,
RHGCL,45,44,10,,
RHGCL,45,58,10,,
RHGCL,32,43,10,,
RHGCL,32,39,10,,
RHGCL,32,16,10,,
UHEWA,42,3,10,,
RHGCL,32,34,10,,
RHGCL,32,29,10,,
RHGCL,32,56,10,,
RHGCL,32,59,10,,
RHGCL,32,58,10,,
RHGCL,32,34,10,,
RHGCL,32,51,10,,
RHGCL,33,46,10,,
RHGCL,33,47,10,,
RHGCL,33,41,10,,
HDHPC,51,44,480,,
HDHPC,19,44,20,,
HDHPC,52,44,100,,
HDHPC,22,44,100,,
HDHPC,16,44,500,,
HDHPC,51,44,300,,
PROFL,4,28,10,,
RHGCL,22,56,10,,
RHGCL,22,58,10,,
RHGCL,22,29,10,,
RHGCL,22,1,10,,
RHGCL,22,59,10,,
RHGCL,22,26,10,,
RHGCL,22,21,10,,
AKPL,18,19,1000,,
RHGCL,22,43,10,,
RHGCL,22,28,10,,
RHGCL,22,38,10,,
RHGCL,22,3,10,,
RHGCL,22,26,10,,
RHGCL,22,16,10,,
RHGCL,22,45,10,,
RHGCL,22,56,10,,
RHGCL,22,58,10,,
RHGCL,22,43,10,,
RHGCL,22,58,10,,
NTC,42,50,54,,
NTC,41,50,100,,
RHGCL,22,59,10,,
RHGCL,22,58,10,,
RHGCL,10,42,10,,
RIDI,17,34,9,,
RHGCL,10,48,10,,
RHGCL,10,43,10,,
RHGCL,10,58,10,,
AKPL,25,19,78,,
RHGCL,10,3,10,,
RHGCL,10,47,10,,
RHGCL,10,26,10,,
RHGCL,10,49,10,,
RHGCL,10,1,10,,
ENL,25,32,10,,
UHEWA,17,3,190,,
UHEWA,17,29,250,,
UHEWA,17,45,10,,
UHEWA,17,21,10,,
UHEWA,17,43,10,,
NHPC,38,51,200,,
RHGCL,10,13,10,,
RHGCL,38,16,10,,
RHGCL,58,20,10,,
NIFRA,34,32,108,,
RHGCL,58,56,10,,
RHGCL,6,4,10,,
RHGCL,57,29,10,,
RHGCL,57,28,10,,
RHGCL,57,43,10,,
RHGCL,57,58,10,,
RHGCL,57,26,10,,
USHEC,43,34,10,,
MBJC,45,42,10,,
RHGCL,57,17,10,,
RHGCL,57,42,10,,
RHGCL,57,43,10,,
NIFRA,34,32,108,,
SGHC,25,58,10,,
SGHC,25,6,10,,
RHGCL,57,3,10,,
RHGCL,57,41,10,,
RHGCL,14,26,10,,
RHGCL,14,58,10,,
RHGCL,14,49,10,,
RHGCL,14,59,10,,
RHGCL,14,47,10,,
RHGCL,14,16,10,,
HDHPC,51,25,200,,
HDHPC,58,25,100,,
RHGCL,14,32,10,,
RHGCL,14,56,10,,
RHGCL,14,58,10,,
RFPL,34,7,10,,
RHGCL,14,16,10,,
RHGCL,6,39,10,,
RHGCL,6,40,10,,
UHEWA,17,35,10,,
UHEWA,17,58,10,,
RHGCL,6,35,10,,
RHGCL,6,49,10,,
RHGCL,6,56,10,,
RHGCL,6,26,10,,
UHEWA,43,58,10,,
NIFRA,58,41,16,,
RHGCL,6,29,10,,
RHGCL,6,49,10,,
RHGCL,6,59,10,,
NTC,4,26,190,,
RHGCL,6,29,10,,
RHGCL,6,6,10,,
NABIL,34,49,25,,
EDBL,41,18,10,,
RHGCL,6,47,10,,
RHPL,25,47,500,,
JALPA,41,19,40,,
NHPC,58,58,20,,
RHGCL,6,56,10,,
RHGCL,6,26,10,,
RHGCL,6,16,10,,
RHGCL,6,57,10,,
TPC,52,34,50,,
SGHC,25,58,10,,
RHGCL,6,47,10,,
RHGCL,6,47,10,,
RHGCL,6,29,10,,
RHGCL,6,43,10,,
UHEWA,58,45,10,,
UHEWA,58,32,10,,
HIDCLP,35,25,10,,
HIDCL,58,55,18,,
UHEWA,43,58,10,,
RHGCL,6,50,10,,
RHGCL,6,59,10,,
RHGCL,6,6,276,,
RHGCL,6,6,50,,
RHGCL,49,6,100,,
RHGCL,38,6,50,,
RHGCL,58,6,10,,
RHGCL,28,6,10,,
RHGCL,58,6,10,,
RHGCL,58,6,500,,
RHGCL,8,6,100,,
RHGCL,29,6,30,,
RHGCL,42,6,30,,
RHGCL,47,6,100,,
RHGCL,6,6,200,,
RHGCL,29,6,10,,
RHGCL,59,6,500,,
RHGCL,38,6,20,,
RHGCL,19,6,200,,
RHGCL,48,6,10,,
RHGCL,48,6,10,,
RHGCL,49,6,12,,
RHGCL,42,6,150,,
RHGCL,41,6,10,,
RHGCL,45,6,10,,
RHGCL,58,6,100,,
RHGCL,57,6,100,,
RHGCL,44,6,10,,
RHGCL,48,6,10,,
RHGCL,56,6,20,,
RHGCL,42,6,100,,
RHGCL,40,6,100,,
RHGCL,46,6,300,,
RHGCL,17,6,20,,
RHGCL,11,6,10,,
RHGCL,6,6,10,,
RHGCL,38,6,50,,
RHGCL,22,6,50,,
RHGCL,7,6,20,,
RHGCL,41,6,50,,
RHGCL,13,6,100,,
RHGCL,44,6,10,,
RHGCL,36,6,10,,
RHGCL,47,6,1000,,
RHGCL,44,6,100,,
RHGCL,26,6,20,,
RHGCL,46,6,10,,
RHGCL,58,6,10,,
RHGCL,25,6,40,,
RHGCL,25,58,10,,
RHGCL,25,16,10,,
RHGCL,25,32,10,,
RHGCL,25,35,10,,
RHGCL,25,58,10,,
RHGCL,38,38,5,,
RHGCL,25,56,10,,
HIDCL,51,58,33,,
SGHC,25,6,10,,
UMRH,28,49,10,,
ALICL,22,45,20,,
RHGCL,45,47,10,,
SGHC,47,13,10,,
RHGCL,45,58,10,,
RHGCL,45,57,10,,
RHGCL,45,20,10,,
NRN,4,41,10,,
RHGCL,45,14,10,,
RHGCL,29,16,10,,
RHGCL,41,49,10,,
RHGCL,16,42,10,,
JALPA,41,43,10,,
NTC,17,26,100,,
RHGCL,16,58,10,,
GBBL,4,36,150,,
SGHC,47,58,10,,
UPPER,17,42,10,,
RHGCL,16,16,10,,
RHGCL,16,56,10,,
RHGCL,16,47,10,,
RHGCL,57,56,10,,
RHGCL,57,14,10,,
KSBBL,57,33,200,,
RHGCL,57,57,10,,
RHGCL,57,59,10,,
UHEWA,16,13,10,,
RHGCL,57,56,10,,
NHPC,48,58,430,,
NHPC,39,58,40,,
NHPC,17,58,10,,
RHGCL,57,14,10,,
RHGCL,57,56,10,,
ALICL,28,45,10,,
RHGCL,57,47,10,,
NICA,50,46,50,,
GVL,45,7,10,,
RHGCL,57,58,10,,
RHGCL,57,6,10,,
BHDC,39,52,10,,
BHDC,39,41,10,,
BHDC,39,47,10,,
RHGCL,57,59,10,,
RHGCL,57,58,10,,
NTC,4,50,10,,
RHGCL,57,14,10,,
RHGCL,57,29,10,,
RHGCL,57,56,10,,
RHGCL,57,49,10,,
RHGCL,57,39,10,,
RHGCL,38,38,5,,
RHGCL,57,42,10,,
RHGCL,57,59,10,,
SAHAS,49,38,10,,
HIDCLP,44,3,100,,
RHGCL,57,58,10,,
RHGCL,57,26,10,,
RHGCL,57,14,10,,
UHEWA,42,43,10,,
RHGCL,57,21,10,,
RHGCL,57,7,10,,
RHGCL,57,58,10,,
RHGCL,57,29,10,,
RHGCL,57,56,10,,
RHGCL,57,39,10,,
NHPC,39,59,10,,
SAHAS,49,38,10,,
RHGCL,57,14,10,,
NTC,45,28,158,,
UHEWA,16,1,10,,
NTC,38,28,30,,
MHL,25,49,10,,
RHGCL,57,43,10,,
SHPC,50,5,10,,
RHGCL,57,58,10,,
RHGCL,57,58,10,,
RHGCL,57,49,80,,
RHGCL,6,49,10,,
NTC,20,28,12,,
NTC,20,34,88,,
SAHAS,49,38,10,,
RHGCL,6,42,10,,
RHGCL,6,52,10,,
RHGCL,6,56,10,,
RHGCL,6,39,10,,
MHL,25,52,10,,
MBJC,6,38,10,,
RHGCL,6,58,10,,
RHGCL,6,43,10,,
RHGCL,6,29,10,,
RHGCL,6,42,10,,
DORDI,40,58,10,,
JALPA,21,38,10,,
NTC,29,34,12,,
RHGCL,6,10,10,,
RHGCL,6,39,10,,
RHGCL,6,47,10,,
RHGCL,6,58,10,,
RHGCL,6,58,10,,
SBI,25,34,10,,
UHEWA,57,14,10,,
RHGCL,6,56,10,,
RHGCL,54,42,10,,
RHGCL,54,32,10,,
SHL,32,48,100,,
RHGCL,58,58,10,,
RHGCL,29,20,10,,
RHGCL,29,47,10,,
CHCL,17,21,10,,
RHGCL,29,39,10,,
RHGCL,29,43,10,,
CHDC,32,45,10,,
RHGCL,29,57,10,,
RHGCL,29,10,10,,
RHGCL,29,42,10,,
RHGCL,29,53,10,,
RHGCL,29,58,10,,
RHGCL,29,49,10,,
RHGCL,45,49,50,,
RHGCL,38,49,20,,
RHGCL,34,49,100,,
RHGCL,29,49,100,,
RHGCL,6,49,20,,
RHGCL,7,49,10,,
RHGCL,38,49,10,,
RHGCL,44,49,100,,
RHGCL,45,49,10,,
RHGCL,38,49,400,,
RHGCL,38,49,70,,
RHGCL,38,58,10,,
RHGCL,38,42,10,,
RHGCL,38,42,10,,
RHGCL,18,39,10,,
NESDO,28,59,250,,
RHGCL,18,42,10,,
RHGCL,18,10,10,,
RHGCL,18,59,10,,
RHGCL,18,58,10,,
RHGCL,18,58,10,,
UPPER,58,36,48,,
NTC,45,34,50,,
NTC,45,58,20,,
NTC,45,32,40,,
RHGCL,38,1,10,,
NGPL,28,10,150,,
NGPL,41,10,50,,
RHGCL,38,42,10,,
RHGCL,38,43,10,,
RHGCL,38,10,10,,
RHGCL,38,11,10,,
RHGCL,38,39,10,,
SWBBL,18,1,15,,
RHGCL,38,58,10,,
NHPC,39,14,170,,
RHGCL,38,56,10,,
SANIMA,17,32,50,,
RHGCL,38,57,10,,
RHGCL,38,10,10,,
RHGCL,47,59,10,,
RHGCL,57,42,10,,
RHGCL,54,34,10,,
UHEWA,37,28,190,,
RHGCL,49,49,10,,
NHPC,58,14,50,,
DORDI,58,56,10,,
ALBSL,22,14,10,,
RHGCL,17,7,10,,
RHGCL,17,49,10,,
RHGCL,17,56,10,,
NTC,45,49,290,,
RHGCL,17,14,10,,
RHGCL,17,42,10,,
RHGCL,17,42,10,,
RHGCL,17,58,10,,
RHGCL,17,10,10,,
RHGCL,17,49,10,,
RHGCL,17,38,10,,
ULBSL,51,49,10,,
RIDI,3,41,425,,
RIDI,32,41,40,,
NHPC,39,14,200,,
NTC,41,50,10,,
RHGCL,17,58,10,,
RHGCL,17,49,225,,
RHGCL,58,49,200,,
RHGCL,57,49,10,,
RHGCL,48,49,10,,
RHGCL,32,49,100,,
RHGCL,22,49,50,,
RHGCL,50,49,10,,
RHGCL,46,49,20,,
RHGCL,4,49,15,,
RHGCL,47,49,300,,
RHGCL,38,49,220,,
RHGCL,47,49,500,,
RHGCL,45,49,70,,
RHGCL,33,49,1000,,
RHGCL,28,49,500,,
RHGCL,26,49,1770,,
RHGCL,26,58,10,,
RHGCL,26,49,10,,
RHGCL,26,49,10,,
NLIC,45,13,20,,
NLIC,45,6,50,,
NHPC,39,14,190,,
NHPC,39,55,10,,
RHGCL,26,49,200,,
RHGCL,57,49,300,,
RHGCL,17,49,10,,
RHGCL,55,49,490,,
NABIL,49,29,200,,
UHEWA,38,28,10,,
BHL,5,49,10,,
JALPA,51,58,10,,
HHL,55,13,10,,
RHGCL,55,10,10,,
NTC,47,49,310,,
NTC,47,56,10,,
RHGCL,17,45,10,,
RHGCL,45,49,50,,
RHGCL,22,49,50,,
RHGCL,57,49,10,,
RHGCL,6,49,50,,
RHGCL,45,49,10,,
RHGCL,25,49,100,,
RHGCL,38,49,10,,
RHGCL,6,49,10,,
RHGCL,17,49,20,,
RHGCL,26,49,500,,
RHGCL,21,49,50,,
RHGCL,11,49,10,,
RHGCL,11,49,10,,
RHGCL,47,49,20,,
RHGCL,11,49,10,,
RHGCL,54,49,10,,
RHGCL,49,49,10,,
RHGCL,18,49,10,,
RHGCL,47,49,10,,
RHGCL,17,49,10,,
RHGCL,57,49,10,,
RHGCL,57,49,10,,
RHGCL,14,49,10,,
RHGCL,37,49,10,,
NIFRA,42,32,92,,
NIFRA,38,32,16,,
RHGCL,26,49,251,,
RHGCL,57,49,20,,
RHGCL,11,49,10,,
RHGCL,47,49,20,,
RHGCL,57,49,20,,
RHGCL,11,49,10,,
RHGCL,11,49,10,,
RHGCL,17,49,10,,
RHGCL,46,49,10,,
RHGCL,57,49,10,,
RHGCL,57,49,10,,
RHGCL,14,49,10,,
RHGCL,37,49,10,,
RHGCL,18,49,10,,
RHGCL,49,49,10,,
RHGCL,54,49,10,,
RHGCL,47,49,10,,
BHL,5,34,10,,
UHEWA,43,3,10,,
SANIMA,17,32,50,,
MHL,21,58,10,,
UPPER,17,6,10,,
GBBL,4,59,90,,
GBBL,58,59,10,,
UHEWA,14,28,10,,
UHEWA,14,39,10,,
NLICL,36,32,23,,
DORDI,4,16,10,,
DORDI,56,16,10,,
GRDBL,22,58,400,,
ALBSL,47,14,10,,
GHL,47,55,10,,
UPPER,17,42,20,,
UPPER,17,57,35,,
GVL,6,16,190,,
GVL,39,16,10,,
NABBC,18,45,20,,
LICN,58,40,20,,
NTC,17,50,10,,
HDHPC,58,6,10,,
UHEWA,43,3,10,,
RFPL,34,49,10,,
NLIC,36,32,13,,
UHEWA,3,58,10,,
LICN,53,28,10,,
RHGCL,11,57,10,,
UHEWA,3,38,10,,
UHEWA,3,43,10,,
DORDI,56,58,10,,
UHEWA,3,42,100,,
NTC,17,21,50,,
UHEWA,3,49,100,,
NTC,17,38,50,,
UHEWA,3,28,10,,
UHEWA,3,33,10,,
UHEWA,3,47,10,,
API,54,55,265,,
DORDI,58,14,10,,
DORDI,58,50,190,,
DORDI,16,50,10,,
DORDI,16,14,10,,
NTC,13,50,10,,
NABIL,6,32,13,,
JALPA,51,45,10,,
DORDI,21,34,60,,
UPPER,17,57,10,,
NTC,45,16,45,,
LICN,53,25,20,,
LICN,28,25,10,,
MHL,39,47,10,,
NTC,45,41,15,,
UPPER,17,57,10,,
NTC,45,34,200,,
UHEWA,42,3,10,,
UHEWA,21,3,10,,
DORDI,16,14,10,,
NABIL,39,32,13,,
NTC,45,25,240,,
NTC,17,25,10,,
NTC,45,25,20,,
NTC,58,25,10,,
NTC,45,25,20,,
NTC,4,34,20,,
NESDO,28,45,10,,
NESDO,28,16,100,,
NHPC,6,47,10,,
LICN,41,4,106,,
CFCL,40,14,10,,
DORDI,16,14,10,,
UPPER,40,44,30,,
UHEWA,3,17,10,,
CHDC,48,18,11,,
NRN,47,18,11,,
ALBSL,14,13,10,,
SGHC,58,45,10,,
UHEWA,38,43,10,,
NTC,4,58,10,,
UPPER,17,44,10,,
HPPL,40,38,50,,
GVL,47,47,10,,
NTC,4,58,20,,
KKHC,32,52,10,,
NTC,4,58,10,,
NBL,46,17,10,,
NHPC,4,47,10,,
MLBS,18,59,10,,
RHGCL,11,49,10,,
RHGCL,11,45,10,,
RHGCL,11,10,10,,
RHGCL,11,49,10,,
RHGCL,11,29,10,,
RHGCL,11,58,10,,
RHGCL,11,32,10,,
RHGCL,11,58,10,,
RHGCL,11,58,10,,
RHGCL,11,58,10,,
